33
189 152
0
254 152
226 378
326 31 411 151
411 151 411 341
411 341 334 406
334 406 122 404
122 404 35 329
35 329 34 85
131 113 183 280
183 280 264 280
264 280 300 113
169 233 131 269
131 269 72 170
276 227 310 267
310 267 360 162
152 335 291 334
291 334 375 254
152 335 71 273
57 348 91 332
152 335 128 366
282 406 308 371
348 280 357 326
308 371 332 359
165 219 216 185
270 246 228 224
107 223 125 181
290 165 320 154
328 230 315 197
326 31 51 20
51 20 34 85
109 64 68 104
257 66 214 83
232 78 165 54
214 282 187 304
291 334 256 306
