genomestart 1
trait 1 0.1 0 0 0 0 0 0 0
node 1 0 1 3 1 0.5 0.5
node 2 0 1 1 1 0.5 0.5
node 3 0 1 1 1 0.5 0.5
node 4 0 1 1 1 0.5 0.5
node 5 0 1 1 1 0.5 0.5
node 6 0 1 1 1 0.5 0.5
node 7 0 1 1 1 0.5 0.5
node 8 0 1 1 1 0.5 0.5
node 9 0 1 1 1 0.5 0.5
node 10 0 1 1 1 0.5 0.5
node 11 0 1 1 1 0.5 0.5
node 12 0 1 1 1 0.5 0.5
node 13 0 1 1 1 0.5 0.5
node 14 0 0 0 0 0.5 0.5
node 15 0 0 2 0 0.5 0.5
node 16 0 0 2 0 0.5 0.5
node 17 0 0 2 0 0.5 0.5
gene 1 1 14 0.0 0 1 0 1
gene 1 2 14 0.0 0 2 0 1
gene 1 3 14 0.0 0 3 0 1
gene 1 4 14 0.0 0 4 0 1
gene 1 5 14 0.0 0 5 0 1
gene 1 6 14 0.0 0 6 0 1
gene 1 7 14 0.0 0 7 0 1
gene 1 8 14 0.0 0 8 0 1
gene 1 9 14 0.0 0 9 0 1
gene 1 10 14 0.0 0 10 0 1
gene 1 11 14 0.0 0 11 0 1
gene 1 12 14 0.0 0 12 0 1
gene 1 13 14 0.0 0 13 0 1
gene 1 14 15 0.0 0 14 0 1
gene 1 14 16 0.0 0 15 0 1
gene 1 14 17 0.0 0 16 0 1
genomeend 1
