1 0.522556390977 0.151785714286 0 1 0 0 0 0 0 0 0 1 0 0 0 0 0 0 0 0 0 0 1 0 0 0 0 0 0.00438596491228 1 0 0.0 1 0 1 0 0.1125 0.0 1
0 0.0951879699248 0.0446428571429 0 1 0 0 0 0 0 0 0 0 1 0 0 0 0 0 0 0 0 0 1 0 0 0 0 0 0.0 0 0 0.0 0 0 1 0 0.0 0.0 0
1 0.267969924812 0.0178571428571 0 1 0 0 0 0 0 0 0 0 1 0 0 0 0 0 0 0 0 0 0 1 0 0 0 0 0.029298245614 1 0 0.0 1 1 0 0 0.16 0.0 0
1 0.260601503759 0.110178571429 0 1 0 0 0 0 0 0 0 0 1 0 0 0 0 0 0 0 0 0 1 0 0 0 0 0 0.0877192982456 0 1 0.0298507462687 1 0 1 0 0.08 0.00041 0
0 0.191729323308 0.0967857142857 1 0 0 0 0 0 0 0 0 0 1 0 0 0 0 0 0 0 0 0 1 0 0 0 0 0 0.00298245614035 0 0 0.0 0 1 0 0 0.04 0.0 0
1 0.241804511278 0.0446428571429 1 0 0 0 0 0 1 0 0 0 0 0 0 0 0 0 0 0 0 0 1 0 0 0 0 0 0.00877192982456 0 0 0.0 0 0 1 0 0.112 0.0 0
1 0.109022556391 0.171071428571 1 0 0 0 0 0 0 0 0 0 0 1 0 0 0 0 0 0 0 0 1 0 0 0 0 0 0.0789473684211 1 1 0.0149253731343 1 0 1 0 0.04 0.003 1
1 0.0977443609023 0.355714285714 0 1 0 0 0 0 0 0 0 0 0 0 1 0 0 0 0 0 1 0 0 0 0 0 0 0 0.0 1 0 0.0 0 0 1 0 0.0 0.0 1
1 0.358345864662 0.0 0 1 0 0 0 0 0 0 0 0 1 0 0 0 0 0 0 0 0 0 1 0 0 0 0 0 0.0 0 0 0.0 0 0 0 1 0.092 0.0 1
1 0.33954887218 0.0758928571429 1 0 0 0 0 0 0 0 0 0 0 1 0 0 0 0 0 0 0 0 1 0 0 0 0 0 0.00298245614035 1 1 0.0149253731343 0 0 1 0 0.025 0.01187 1
0 0.407218045113 0.125 0 1 0 0 0 1 0 0 0 0 0 0 0 0 0 0 0 0 0 0 0 1 0 0 0 0 0.0175438596491 0 0 0.0 0 1 0 0 0.58 0.0 0
0 0.642857142857 0.571428571429 0 1 0 0 0 0 0 1 0 0 0 0 0 0 0 0 0 1 0 0 0 0 0 0 0 0 0.0 1 1 0.223880597015 0 0 1 0 0.0 0.00247 1
1 0.292030075188 0.0371428571429 0 1 0 0 0 0 0 0 0 0 0 0 0 0 1 0 0 0 0 0 0 0 0 0 1 0 0.228070175439 1 0 0.0 1 0 1 0 0.082 0.31285 1
1 0.687969924812 0.0982142857143 0 1 0 0 0 0 0 0 0 0 0 1 0 0 0 0 0 0 0 0 1 0 0 0 0 0 0.0614035087719 1 1 0.0746268656716 1 0 1 0 0.03 0.00058 1
1 0.812030075188 0.196428571429 0 1 0 0 0 0 0 0 0 0 0 0 1 0 0 0 0 0 0 0 0 0 0 0 0 1 0.456140350877 1 1 0.0149253731343 1 0 1 0 0.0 0.0 1
1 0.238045112782 0.160714285714 0 1 0 0 0 0 0 0 0 0 0 1 0 0 0 0 0 0 0 0 1 0 0 0 0 0 0.263157894737 1 1 0.0298507462687 1 0 1 0 0.165 0.0 1
1 0.255639097744 0.0566071428571 0 1 0 0 1 0 0 0 0 0 0 0 0 0 0 0 0 0 0 0 1 0 0 0 0 0 0.0205263157895 0 0 0.0 1 1 0 0 0.0 0.0 0
0 0.161654135338 0.08625 1 0 0 0 0 0 0 0 0 0 1 0 0 0 0 0 0 0 0 0 1 0 0 0 0 0 0.0 0 0 0.0 0 0 1 0 0.06 0.0 0
1 0.312030075188 0.144285714286 1 0 0 0 0 1 0 0 0 0 0 0 0 0 0 0 0 0 0 0 0 1 0 0 0 0 0.298245614035 1 1 0.10447761194 1 0 1 0 0.0975 0.0 1
1 0.37969924812 0.178571428571 0 1 0 0 0 0 0 0 0 0 0 0 0 0 0 1 0 0 0 0 1 0 0 0 0 0 0.122807017544 1 1 0.149253731343 1 0 1 0 0.0 0.0 1
1 0.313233082707 0.0 0 1 0 0 0 0 0 0 0 0 1 0 0 0 0 0 0 0 0 0 1 0 0 0 0 0 0.0 0 0 0.0 0 0 0 1 0.092 0.0 0
1 0.279398496241 0.267857142857 0 1 0 0 0 0 0 0 0 0 0 0 1 0 0 0 0 0 0 0 0 1 0 0 0 0 0.0556140350877 1 0 0.0 1 1 0 0 0.21 0.0 0
1 0.126616541353 0.433035714286 0 1 0 0 0 0 0 0 0 0 1 0 0 0 0 0 0 0 0 0 1 0 0 0 0 0 0.11701754386 0 1 0.0298507462687 1 0 1 0 0.09 0.00173 0
1 0.504962406015 0.232142857143 0 1 0 0 0 0 0 0 0 0 1 0 0 0 0 0 0 0 0 0 1 0 0 0 0 0 0.0350877192982 0 0 0.0 1 0 1 0 0.0 0.00228 0
1 0.0363909774436 0.00142857142857 0 1 0 0 0 0 0 0 0 0 1 0 0 0 0 0 0 0 0 0 1 0 0 0 0 0 0.00140350877193 0 0 0.0 0 0 1 0 0.0 0.0 1
1 0.512481203008 0.14875 0 1 0 0 0 0 0 0 0 0 0 0 0 0 0 0 1 0 0 0 0 1 0 0 0 0 0.00298245614035 0 0 0.0 1 0 1 0 0.26 0.0 0
1 0.267969924812 0.178571428571 1 0 0 0 0 0 0 0 1 0 0 0 0 0 0 0 0 0 0 0 1 0 0 0 0 0 0.298245614035 1 0 0.0 0 0 1 0 0.0 0.0 0
1 0.947368421053 0.796071428571 0 1 0 0 0 0 0 0 0 0 0 0 1 0 0 0 0 0 0 0 0 0 0 0 0 1 0.447368421053 1 1 0.0149253731343 1 0 1 0 0.0 0.00109 1
1 0.179248120301 0.116071428571 0 1 0 0 0 0 0 0 0 0 1 0 0 0 0 0 0 0 0 0 0 0 0 0 1 0 0.080350877193 0 1 0.0149253731343 1 0 1 0 0.208 0.00021 0
1 0.305714285714 0.0892857142857 0 1 0 0 0 0 0 0 0 0 1 0 0 0 0 0 0 0 0 0 1 0 0 0 0 0 0.0350877192982 0 0 0.0 0 0 1 0 0.23 0.00016 0
0 0.825864661654 0.535714285714 0 1 0 0 0 0 0 0 0 0 0 0 1 0 0 0 0 0 0 0 0 0 0 0 0 1 0.0 1 1 0.208955223881 0 0 1 0 0.0 0.03376 1
1 0.437293233083 0.0446428571429 0 1 0 0 0 0 0 0 0 1 0 0 0 0 0 0 0 0 0 0 1 0 0 0 0 0 0.486842105263 0 1 0.0149253731343 1 0 1 0 0.176 0.00112 0
1 0.228120300752 0.535714285714 0 1 0 0 0 0 0 0 0 0 1 0 0 0 0 0 0 0 0 0 0 0 0 0 1 0 0.187192982456 1 1 0.164179104478 0 0 1 0 0.0 0.02283 1
1 0.0839097744361 0.389821428571 0 1 0 0 0 0 0 0 0 0 1 0 0 0 0 0 0 0 0 0 0 1 0 0 0 0 0.0205263157895 0 1 0.0298507462687 1 0 1 0 0.1 7e-05 0
1 0.426015037594 0.0371428571429 0 1 0 0 0 0 0 0 0 0 0 1 0 0 0 0 0 0 0 0 1 0 0 0 0 0 0.175438596491 1 1 0.089552238806 1 0 1 0 0.25 0.1 1
1 0.436090225564 0.145892857143 0 1 0 0 0 0 0 0 1 0 0 0 0 0 0 0 0 0 0 0 1 0 0 0 0 0 0.00140350877193 0 0 0.0 0 0 1 0 0.054 0.001 0
1 0.124060150376 0.279821428571 1 0 0 0 0 1 0 0 0 0 0 0 0 0 0 0 0 0 0 0 0 1 0 0 0 0 0.00578947368421 0 0 0.0 1 0 1 0 0.092 0.0 0
1 0.0852631578947 0.258928571429 0 1 0 0 0 0 0 0 0 1 0 0 0 0 0 0 0 0 0 0 1 0 0 0 0 0 0.00140350877193 0 1 0.0149253731343 0 0 1 0 0.05 1e-05 0
1 0.43984962406 0.0103571428571 1 0 0 0 0 0 0 0 0 0 0 0 0 0 0 1 0 0 0 0 0 0 0 0 1 0 0.0614035087719 1 1 0.119402985075 0 0 1 0 0.05 0.00375 1
1 0.194285714286 0.0625 1 0 0 0 0 0 0 0 0 0 1 0 0 0 0 0 0 0 0 0 1 0 0 0 0 0 0.0350877192982 1 1 0.0746268656716 1 0 1 0 0.08 0.05777 1
1 0.125263157895 0.0296428571429 0 1 0 0 0 0 0 0 0 0 1 0 0 0 0 0 0 0 0 0 0 0 0 0 1 0 0.0759649122807 0 0 0.0 1 0 1 0 0.064 0.0 1
1 0.424812030075 0.349642857143 0 1 0 0 0 0 0 0 0 0 0 0 0 0 0 0 1 0 0 0 0 0 0 0 1 0 0.279298245614 1 1 0.119402985075 0 0 1 0 0.0 0.0 1
0 0.0777443609023 0.321428571429 0 1 0 0 0 0 0 0 1 0 0 0 0 0 0 0 0 0 0 0 1 0 0 0 0 0 0.0263157894737 1 1 0.0298507462687 0 0 1 0 0.044 0.00591 1
0 0.171729323308 0.102678571429 0 1 0 0 0 0 0 0 0 0 0 0 0 0 0 0 1 0 0 0 0 0 0 0 1 0 0.030701754386 1 0 0.0 0 0 1 0 0.18 0.0 1
0 0.0815037593985 0.0208928571429 1 0 0 0 0 0 0 0 1 0 0 0 0 0 0 0 0 0 0 0 1 0 0 0 0 0 0.0205263157895 1 0 0.0 1 0 1 0 0.08 0.0 0
1 0.0951879699248 0.00892857142857 0 1 0 0 0 0 0 0 0 0 0 0 0 1 0 0 0 0 0 0 1 0 0 0 0 0 0.00438596491228 0 0 0.0 0 0 1 0 0.1 0.0 0
1 0.582706766917 0.232142857143 0 1 0 0 0 0 1 0 0 0 0 0 0 0 0 0 0 0 0 0 1 0 0 0 0 0 0.220701754386 1 1 0.223880597015 0 0 1 0 0.0 0.11202 1
0 0.236842105263 0.0714285714286 1 0 0 0 0 0 0 0 0 0 0 0 1 0 0 0 0 0 0 0 0 0 0 0 1 0 0.0701754385965 0 0 0.0 0 0 1 0 0.128 0.00017 0
0 0.0763909774436 0.157678571429 1 0 0 0 0 0 0 0 0 0 1 0 0 0 0 0 0 0 0 0 0 0 0 0 1 0 0.105263157895 1 0 0.0 0 0 1 0 0.12 0.0 1
1 0.345864661654 0.00446428571429 1 0 0 0 0 0 0 0 0 0 1 0 0 0 0 0 0 0 0 0 1 0 0 0 0 0 0.0526315789474 0 0 0.0 1 0 1 0 0.116 0.00113 1
1 0.307067669173 0.0982142857143 0 1 0 0 0 1 0 0 0 0 0 0 0 0 0 0 0 0 0 0 0 1 0 0 0 0 0.0877192982456 0 0 0.0 1 0 1 0 0.116 0.002 0
1 0.198045112782 0.0803571428571 0 1 0 0 0 1 0 0 0 0 0 0 0 0 0 0 0 0 0 0 0 1 0 0 0 0 0.0175438596491 0 0 0.0 1 0 1 0 0.32 0.04 0
1 0.132781954887 0.0535714285714 1 0 0 0 0 0 0 0 1 0 0 0 0 0 0 0 0 0 0 0 1 0 0 0 0 0 0.0189473684211 0 0 0.0 1 0 1 0 0.06 0.00067 0
1 0.265714285714 0.553571428571 0 1 0 0 0 0 0 0 0 0 1 0 0 0 0 0 0 0 0 0 1 0 0 0 0 0 0.0175438596491 1 0 0.0 0 0 1 0 0.06 0.0 0
1 0.10030075188 0.0 0 1 0 0 0 0 0 0 0 0 1 0 0 0 0 0 0 0 0 0 1 0 0 0 0 0 0.0 0 0 0.0 0 0 0 1 0.092 0.0 0
1 0.0763909774436 0.126428571429 1 0 0 1 0 0 0 0 0 0 0 0 0 0 0 0 0 1 0 0 0 0 0 0 0 0 0.0 0 0 0.0 1 0 1 0 0.09 1e-05 0
1 0.284511278195 0.321428571429 1 0 0 0 0 0 0 0 0 0 0 1 0 0 0 0 0 0 0 0 0 0 0 0 1 0 0.184210526316 1 0 0.0 1 0 1 0 0.077 0.0 1
1 0.169172932331 0.446428571429 0 1 0 0 0 0 0 0 1 0 0 0 0 0 0 0 0 0 0 0 1 0 0 0 0 0 0.105263157895 1 0 0.0 1 1 0 0 0.01 0.0 1
0 0.334586466165 0.0357142857143 0 1 0 0 0 0 0 0 0 0 1 0 0 0 0 0 0 0 0 0 1 0 0 0 0 0 0.0701754385965 1 1 0.164179104478 0 0 1 0 0.0 0.00456 1
1 0.155338345865 0.03125 0 1 0 0 0 0 0 0 0 1 0 0 0 0 0 0 0 0 0 0 1 0 0 0 0 0 0.00298245614035 0 1 0.0597014925373 0 0 1 0 0.127 0.0195 0
0 0.186766917293 0.0714285714286 0 1 0 0 0 0 0 1 0 0 0 0 0 0 0 0 0 0 0 1 0 0 0 0 0 0 0.0 0 0 0.0 1 0 1 0 0.138 1e-05 0
1 0.432330827068 0.175535714286 1 0 0 0 0 0 0 0 0 0 0 1 0 0 0 0 0 0 0 0 1 0 0 0 0 0 0.111052631579 1 0 0.0 1 0 1 0 0.026 0.01442 1
1 0.225563909774 0.0416071428571 0 1 0 0 0 0 1 0 0 0 0 0 0 0 0 0 0 0 0 0 1 0 0 0 0 0 0.0175438596491 1 0 0.0 0 1 0 0 0.14 0.0 0
0 0.428571428571 0.0625 1 0 0 0 0 0 0 0 0 0 1 0 0 0 0 0 0 0 0 0 1 0 0 0 0 0 0.0 0 0 0.0 1 0 1 0 0.075 1e-05 0
0 0.322105263158 0.133928571429 0 1 0 1 0 0 0 0 0 0 0 0 0 0 0 0 0 1 0 0 0 0 0 0 0 0 0.0 0 1 0.089552238806 0 0 1 0 0.0 0.002 0
1 0.273233082707 0.159285714286 0 1 0 0 0 0 0 0 0 0 0 0 0 0 0 1 0 0 0 0 0 0 0 0 1 0 0.211929824561 1 1 0.044776119403 0 0 1 0 0.1555 0.003 1
1 0.209323308271 0.0714285714286 0 1 0 0 0 0 0 0 0 0 0 0 0 0 0 0 1 0 0 0 0 0 0 0 1 0 0.0350877192982 1 1 0.0597014925373 0 0 1 0 0.07 0.07544 1
1 0.378496240602 0.0625 0 1 0 0 0 0 1 0 0 0 0 0 0 0 0 0 0 0 0 0 1 0 0 0 0 0 0.0175438596491 0 0 0.0 1 0 1 0 0.15 2e-05 0
1 0.146616541353 0.113035714286 1 0 0 0 0 0 1 0 0 0 0 0 0 0 0 0 0 0 0 0 1 0 0 0 0 0 0.0145614035088 0 1 0.0149253731343 1 0 1 0 0.14 0.0008 0
1 0.0213533834586 0.25 0 1 0 0 0 0 0 0 0 0 0 0 1 0 0 0 0 0 0 0 1 0 0 0 0 0 0.0350877192982 0 0 0.0 0 0 1 0 0.3 0.0 0
1 0.373383458647 0.119107142857 0 1 0 0 0 0 0 0 0 0 0 1 0 0 0 0 0 0 0 0 1 0 0 0 0 0 0.140350877193 1 1 0.208955223881 0 0 1 0 0.1915 0.01344 1
1 0.216842105263 0.00446428571429 1 0 0 0 0 0 1 0 0 0 0 0 0 0 0 0 0 0 0 0 1 0 0 0 0 0 0.00298245614035 0 0 0.0 0 0 1 0 0.108 0.021 0
1 1.0 0.196428571429 0 1 0 0 0 0 0 0 0 0 1 0 0 0 0 0 0 0 0 0 1 0 0 0 0 0 0.0189473684211 1 0 0.0 0 0 1 0 0.0 0.0034 0
1 0.175488721805 0.0192857142857 0 1 0 0 0 0 0 0 0 0 0 1 0 0 0 0 0 0 0 0 1 0 0 0 0 0 0.00578947368421 0 1 0.0149253731343 0 0 1 0 0.136 0.00444 0
1 0.260601503759 0.0535714285714 1 0 0 0 0 0 0 0 0 0 0 1 0 0 0 0 0 0 0 0 1 0 0 0 0 0 0.00140350877193 0 0 0.0 0 1 0 0 0.08 0.0 0
1 0.572631578947 0.107142857143 1 0 0 1 0 0 0 0 0 0 0 0 0 0 0 0 0 1 0 0 0 0 0 0 0 0 0.0526315789474 0 0 0.0 0 0 1 0 0.09 4e-05 0
0 0.142857142857 0.209821428571 0 1 0 0 0 0 0 0 0 0 0 0 0 1 0 0 0 0 0 0 1 0 0 0 0 0 0.111228070175 1 1 0.149253731343 0 0 1 0 0.06 0.00245 1
0 0.0676691729323 0.357142857143 0 1 0 0 0 0 0 0 0 0 0 1 0 0 0 0 0 0 0 0 1 0 0 0 0 0 0.0350877192982 0 1 0.0149253731343 0 0 1 0 0.06 1e-05 0
1 0.417293233083 0.055 0 1 0 0 0 1 0 0 0 0 0 0 0 0 0 0 0 0 0 0 0 1 0 0 0 0 0.122807017544 0 0 0.0 0 0 1 0 0.108 0.0 1
1 0.408571428571 0.0803571428571 1 0 0 0 0 0 0 0 0 0 0 0 0 0 0 0 1 0 0 0 0 0 0 0 1 0 0.350877192982 1 0 0.0 1 0 1 0 0.088 0.0 0
1 0.387218045113 0.151785714286 0 1 0 0 0 0 0 0 0 0 1 0 0 0 0 0 0 0 0 0 0 1 0 0 0 0 0.228070175439 1 1 0.238805970149 0 0 1 0 0.0585 0.0121 1
0 0.136541353383 0.0817857142857 0 1 0 0 0 0 0 0 0 0 0 0 0 1 0 0 0 0 0 0 0 0 0 0 1 0 0.080350877193 1 1 0.10447761194 1 0 1 0 0.07 0.02384 1
0 0.303308270677 0.0566071428571 1 0 0 1 0 0 0 0 0 0 0 0 0 0 0 0 0 1 0 0 0 0 0 0 0 0 0.0 1 0 0.0 0 0 1 0 0.16 0.0 0
1 0.696691729323 0.517857142857 0 1 0 1 0 0 0 0 0 0 0 0 0 0 0 0 0 1 0 0 0 0 0 0 0 0 0.631578947368 1 1 0.223880597015 1 0 1 0 0.0 0.01 1
1 0.0387969924812 0.145892857143 0 1 0 0 0 1 0 0 0 0 0 0 0 0 0 0 0 0 0 0 0 0 0 0 1 0 0.0145614035088 0 0 0.0 1 0 1 0 0.06 0.0 0
0 0.773233082707 0.5 0 1 0 1 0 0 0 0 0 0 0 0 0 0 0 0 0 1 0 0 0 0 0 0 0 0 0.0 1 1 0.164179104478 1 0 1 0 0.0 0.014 1
1 0.370977443609 0.0251785714286 0 1 0 0 0 0 0 0 0 0 1 0 0 0 0 0 0 0 0 0 1 0 0 0 0 0 0.0131578947368 0 1 0.0298507462687 0 0 1 0 0.1125 0.005 0
1 0.0551879699248 0.232142857143 0 1 0 0 0 1 0 0 0 0 0 0 0 0 0 0 0 0 0 0 1 0 0 0 0 0 0.00438596491228 0 0 0.0 0 0 1 0 0.03 0.001 0
0 0.223007518797 0.126428571429 0 1 0 0 0 1 0 0 0 0 0 0 0 0 0 0 0 0 0 0 0 1 0 0 0 0 0.0175438596491 1 0 0.0 1 0 1 0 0.0855 0.0 0
1 0.141654135338 0.0 0 1 0 0 0 0 0 0 0 0 0 0 0 0 0 1 0 0 0 0 1 0 0 0 0 0 0.00298245614035 1 0 0.0 0 0 1 0 0.0 0.0 1
1 0.111578947368 0.03125 1 0 0 0 0 0 0 0 0 0 1 0 0 0 0 0 0 0 0 0 0 0 0 0 1 0 0.00877192982456 0 0 0.0 0 0 1 0 0.14 0.00204 0
1 0.0864661654135 0.342321428571 0 1 0 0 0 0 0 0 1 0 0 0 0 0 0 0 0 0 0 0 1 0 0 0 0 0 0.0277192982456 0 0 0.0 0 0 1 0 0.04 0.0035 0
1 0.239398496241 0.0505357142857 0 1 0 0 0 0 0 0 0 0 0 1 0 0 0 0 0 0 0 0 0 0 0 0 1 0 0.0263157894737 1 1 0.0149253731343 0 0 1 0 0.12 0.001 1
1 0.393533834586 0.0192857142857 1 0 0 0 0 0 0 0 1 0 0 0 0 0 0 0 0 0 0 0 1 0 0 0 0 0 0.0175438596491 1 1 0.044776119403 0 0 1 0 0.1 0.01 1
1 0.0789473684211 0.0 1 0 0 1 0 0 0 0 0 0 0 0 0 0 0 0 0 1 0 0 0 0 0 0 0 0 0.0 0 1 0.0597014925373 0 0 1 0 0.0225 1e-05 0
0 0.11022556391 0.178571428571 1 0 0 1 0 0 0 0 0 0 0 0 0 0 0 0 0 1 0 0 0 0 0 0 0 0 0.0 0 0 0.0 0 0 1 0 0.0 0.0 0
1 0.374736842105 0.0075 0 1 0 0 0 0 1 0 0 0 0 0 0 0 0 0 0 0 0 0 1 0 0 0 0 0 0.00298245614035 1 0 0.0 1 0 1 0 0.14 0.0 1
1 0.0789473684211 0.0625 1 0 0 0 0 0 0 0 0 0 1 0 0 0 0 0 0 0 0 0 1 0 0 0 0 0 0.0819298245614 0 0 0.0 1 0 1 0 0.056 6e-05 0
1 0.304511278195 0.181607142857 1 0 0 0 0 1 0 0 0 0 0 0 0 0 0 0 0 0 0 0 0 1 0 0 0 0 0.0380701754386 0 0 0.0 1 0 1 0 0.24 0.0 0
1 0.211729323308 0.0535714285714 0 1 0 0 0 0 0 0 0 0 0 1 0 0 0 0 0 0 0 0 1 0 0 0 0 0 0.0789473684211 0 1 0.0149253731343 1 0 1 0 0.05 3e-05 0
1 0.15037593985 0.0148214285714 1 0 0 0 0 0 0 0 0 0 1 0 0 0 0 0 0 0 0 0 1 0 0 0 0 0 0.00140350877193 0 1 0.0298507462687 0 0 1 0 0.064 6e-05 0
1 0.142857142857 0.0357142857143 0 1 0 0 0 0 0 0 0 0 1 0 0 0 0 0 0 0 0 0 1 0 0 0 0 0 0.029298245614 1 0 0.0 0 1 0 0 0.15 0.0 1
1 0.125263157895 0.392857142857 0 1 0 0 0 0 0 0 0 0 0 0 0 0 0 1 0 0 0 0 1 0 0 0 0 0 0.0233333333333 1 0 0.0 0 0 1 0 0.05 0.0 1
0 0.209323308271 0.0535714285714 0 1 0 0 0 0 0 0 0 1 0 0 0 0 0 0 0 0 0 0 1 0 0 0 0 0 0.0701754385965 1 0 0.0 0 1 0 0 0.184 0.0 0
1 0.278195488722 0.5 1 0 0 1 0 0 0 0 0 0 0 0 0 0 0 0 0 1 0 0 0 0 0 0 0 0 0.0 0 1 0.0298507462687 0 0 1 0 0.08 1e-05 0
1 0.145413533835 0.0208928571429 0 1 0 0 0 0 0 0 0 0 1 0 0 0 0 0 0 0 0 0 0 0 0 0 1 0 0.00298245614035 1 0 0.0 0 0 1 0 0.09 0.0 0
1 0.228120300752 0.0133928571429 0 1 0 0 0 0 0 0 0 0 1 0 0 0 0 0 0 0 0 0 1 0 0 0 0 0 0.0101754385965 0 0 0.0 0 0 1 0 0.11 0.0014 0
0 0.165413533835 0.488035714286 0 1 0 0 0 0 0 0 0 0 0 0 0 1 0 0 0 0 0 0 0 0 0 0 1 0 0.0526315789474 0 0 0.0 0 0 1 0 0.14 1e-05 0
1 0.322105263158 0.0892857142857 0 1 0 0 0 0 1 0 0 0 0 0 0 0 0 0 0 0 0 0 1 0 0 0 0 0 0.157894736842 1 1 0.10447761194 0 0 1 0 0.075 0.0127 1
1 0.516240601504 0.215714285714 0 1 0 0 0 0 1 0 0 0 0 0 0 0 0 0 0 0 0 0 1 0 0 0 0 0 0.00140350877193 0 0 0.0 0 0 1 0 0.0 0.0269 1
1 0.502556390977 0.208392857143 0 1 0 0 0 0 0 0 0 0 0 1 0 0 0 0 0 0 0 0 1 0 0 0 0 0 0.19298245614 0 0 0.0 0 0 1 0 0.2325 0.0015 0
0 0.0726315789474 0.357142857143 0 1 0 0 1 0 0 0 0 0 0 0 0 0 0 0 0 0 0 0 1 0 0 0 0 0 0.0145614035088 0 0 0.0 0 0 1 0 0.04 0.00042 0
1 0.093984962406 0.0 0 1 0 0 1 0 0 0 0 0 0 0 0 0 0 0 0 0 0 0 1 0 0 0 0 0 0.0175438596491 0 0 0.0 0 0 1 0 0.072 0.0 0
1 0.152932330827 0.02375 0 1 0 0 0 0 0 0 0 0 1 0 0 0 0 0 0 0 0 0 1 0 0 0 0 0 0.00578947368421 0 0 0.0 0 0 1 0 0.05 0.0 1
1 0.403458646617 0.1175 0 1 0 0 0 0 0 0 0 1 0 0 0 0 0 0 0 0 0 0 1 0 0 0 0 0 0.122807017544 0 0 0.0 1 1 0 0 0.2 0.0 0
1 0.263157894737 0.10125 0 1 0 1 0 0 0 0 0 0 0 0 0 0 0 0 0 1 0 0 0 0 0 0 0 0 0.0 0 1 0.0746268656716 0 0 1 0 0.088 0.00146 0
1 0.0815037593985 0.339285714286 0 1 0 0 0 0 0 0 0 0 0 1 0 0 0 0 0 0 0 0 1 0 0 0 0 0 0.0526315789474 1 0 0.0 0 0 1 0 0.06 0.02206 1
1 0.142857142857 0.0535714285714 0 1 0 0 0 0 0 0 0 0 0 0 0 1 0 0 0 0 0 0 1 0 0 0 0 0 0.0833333333333 1 1 0.044776119403 1 0 1 0 0.0 0.00582 1
1 0.357142857143 0.0625 1 0 0 0 0 0 0 0 0 0 1 0 0 0 0 0 0 0 0 0 0 1 0 0 0 0 0.00877192982456 1 0 0.0 1 0 1 0 0.082 0.004 0
1 0.29954887218 0.0773214285714 0 1 0 0 0 0 0 0 0 0 1 0 0 0 0 0 0 0 0 0 1 0 0 0 0 0 0.0526315789474 0 0 0.0 0 0 0 1 0.06 0.0 0
0 0.119097744361 0.410714285714 1 0 0 0 0 0 0 1 0 0 0 0 0 0 0 0 0 0 0 1 0 0 0 0 0 0 0.0 1 1 0.164179104478 1 0 1 0 0.0 0.0 1
1 0.568872180451 0.535714285714 0 1 0 0 0 0 0 0 0 0 1 0 0 0 0 0 0 0 0 0 1 0 0 0 0 0 0.298245614035 1 1 0.134328358209 0 0 1 0 0.0 0.0 1
1 0.322105263158 0.897321428571 0 1 0 0 0 0 0 0 0 0 0 0 0 0 0 0 1 0 0 0 0 0 0 0 1 0 0.0570175438596 1 1 0.0149253731343 1 0 1 0 0.2575 0.005 1
1 0.093984962406 0.25 0 1 0 0 0 0 0 0 0 0 1 0 0 0 0 0 0 0 0 0 1 0 0 0 0 0 0.0175438596491 0 0 0.0 0 0 1 0 0.0 0.0 0
1 0.472481203008 0.0535714285714 0 1 0 0 0 0 0 0 0 0 1 0 0 0 0 0 0 0 0 0 1 0 0 0 0 0 0.0877192982456 1 0 0.0 1 0 1 0 0.07 0.0 0
1 0.0688721804511 0.0432142857143 1 0 0 0 0 0 0 0 0 0 0 0 1 0 0 0 0 0 1 0 0 0 0 0 0 0 0.0 0 0 0.0 0 0 1 0 0.05 0.0 0
1 0.344661654135 0.0714285714286 0 1 0 0 0 1 0 0 0 0 0 0 0 0 0 0 0 0 0 0 1 0 0 0 0 0 0.00877192982456 0 0 0.0 1 0 1 0 0.1105 0.0 0
1 0.104060150376 0.0298214285714 1 0 0 0 0 0 0 0 0 0 1 0 0 0 0 0 0 0 0 0 1 0 0 0 0 0 0.0701754385965 0 0 0.0 1 1 0 0 0.12 0.0 0
1 0.45984962406 0.0178571428571 0 1 0 0 0 1 0 0 0 0 0 0 0 0 0 0 0 0 0 0 0 0 0 0 1 0 0.175438596491 1 0 0.0 1 0 1 0 0.16 0.0 1
0 0.671729323308 0.75 0 1 0 0 0 1 0 0 0 0 0 0 0 0 0 0 0 0 0 0 0 1 0 0 0 0 0.350877192982 1 1 0.194029850746 0 0 1 0 0.0 0.067 1
1 0.122857142857 0.0178571428571 0 1 0 0 0 0 0 0 0 0 1 0 0 0 0 0 0 0 0 0 1 0 0 0 0 0 0.00438596491228 0 0 0.0 0 0 1 0 0.18 0.0 0
1 0.125263157895 0.409285714286 0 1 0 0 0 0 1 0 0 0 0 0 0 0 0 0 0 0 0 0 1 0 0 0 0 0 0.0556140350877 0 0 0.0 1 0 1 0 0.05 0.01212 0
1 0.199248120301 0.0267857142857 0 1 0 0 0 0 0 0 0 0 1 0 0 0 0 0 0 0 0 0 0 0 0 0 1 0 0.149122807018 1 1 0.044776119403 1 0 1 0 0.156 0.0015 1
0 0.116541353383 0.214285714286 0 1 0 0 0 0 0 0 1 0 0 0 0 0 0 0 0 0 0 0 1 0 0 0 0 0 0.0877192982456 1 1 0.044776119403 0 0 1 0 0.04 0.00918 1
0 0.169172932331 0.440357142857 0 1 0 0 0 0 0 0 0 0 0 0 0 0 0 1 0 0 0 0 0 0 0 0 1 0 0.122807017544 1 1 0.089552238806 0 0 1 0 0.2 0.00458 1
1 0.14030075188 0.0892857142857 0 1 0 1 0 0 0 0 0 0 0 0 0 0 0 0 0 1 0 0 0 0 0 0 0 0 0.00298245614035 0 0 0.0 1 0 1 0 0.05 0.04208 0
1 0.436090225564 0.107142857143 0 1 0 0 0 1 0 0 0 0 0 0 0 0 0 0 0 0 0 0 0 1 0 0 0 0 0.0350877192982 1 0 0.0 0 0 1 0 0.0 0.002 0
1 0.412330827068 0.0446428571429 1 0 0 0 0 0 0 0 0 0 0 1 0 0 0 0 0 0 0 0 1 0 0 0 0 0 0.00877192982456 0 0 0.0 0 0 1 0 0.0 0.00195 0
0 0.10030075188 0.267857142857 0 1 0 0 0 0 1 0 0 0 0 0 0 0 0 0 0 0 0 0 1 0 0 0 0 0 0.0526315789474 1 1 0.0149253731343 0 0 1 0 0.08 0.00234 1
0 0.198045112782 0.482142857143 0 1 0 0 0 0 0 0 0 0 0 0 0 1 0 0 0 0 0 0 0 0 0 0 1 0 0.175438596491 1 1 0.0298507462687 0 0 1 0 0.0 0.05 1
0 0.542556390977 0.485178571429 0 1 0 0 0 0 1 0 0 0 0 0 0 0 0 0 0 0 0 0 0 0 0 0 1 0 0.298245614035 1 0 0.0 1 0 1 0 0.0 0.0 1
1 0.121503759398 0.392857142857 0 1 0 0 0 0 0 0 0 0 0 0 0 0 0 0 1 0 0 0 1 0 0 0 0 0 0.0101754385965 1 1 0.089552238806 0 0 1 0 0.0605 0.0 1
1 0.224360902256 0.517857142857 0 1 0 0 1 0 0 0 0 0 0 0 0 0 0 0 0 0 0 0 1 0 0 0 0 0 0.00438596491228 0 0 0.0 0 0 1 0 0.0 0.00286 0
1 0.225563909774 0.0535714285714 1 0 0 0 0 0 0 0 0 0 1 0 0 0 0 0 0 0 0 0 1 0 0 0 0 0 0.0526315789474 1 0 0.0 1 0 1 0 0.0 0.00225 0
0 0.13037593985 0.202321428571 0 1 0 0 0 0 0 0 0 0 0 0 0 1 0 0 0 0 0 0 1 0 0 0 0 0 0.090701754386 1 1 0.10447761194 0 0 1 0 0.0645 0.03257 1
1 0.156691729323 0.03125 0 1 0 0 0 0 0 0 0 0 0 0 0 1 0 0 0 0 0 0 1 0 0 0 0 0 0.162280701754 1 1 0.0298507462687 1 0 1 0 0.26 0.02 1
0 0.131578947368 0.303571428571 0 1 0 0 0 0 0 0 0 0 0 0 0 1 0 0 0 0 0 0 1 0 0 0 0 0 0.0614035087719 1 1 0.149253731343 0 0 1 0 0.04 0.0099 0
1 0.10030075188 0.25 0 1 0 0 0 0 0 0 0 0 1 0 0 0 0 0 0 0 0 0 1 0 0 0 0 0 0.0570175438596 1 1 0.044776119403 0 0 1 0 0.1 0.01391 1
0 0.169172932331 0.392857142857 1 0 0 0 0 0 0 0 1 0 0 0 0 0 0 0 0 0 0 0 1 0 0 0 0 0 0.157894736842 1 0 0.0 0 0 1 0 0.06 0.0 0
1 0.0500751879699 0.00892857142857 0 1 0 0 0 0 0 0 0 0 0 0 0 1 0 0 0 0 0 0 1 0 0 0 0 0 0.0117543859649 0 1 0.0597014925373 0 0 1 0 0.08 8e-05 0
1 0.129022556391 0.392857142857 0 1 0 0 0 0 0 0 0 0 0 1 0 0 0 0 0 0 0 0 1 0 0 0 0 0 0.0701754385965 1 1 0.0149253731343 0 0 1 0 0.04 0.00278 1
1 0.209323308271 0.491071428571 0 1 0 0 0 0 0 0 0 0 0 1 0 0 0 0 0 0 0 0 1 0 0 0 0 0 0.201754385965 1 0 0.0 1 0 1 0 0.2435 0.005 1
0 0.0575939849624 0.321428571429 0 1 0 0 0 0 0 0 1 0 0 0 0 0 0 0 0 0 0 0 1 0 0 0 0 0 0.0482456140351 1 0 0.0 1 0 1 0 0.0 0.0 1
1 0.414736842105 0.0 0 1 0 0 0 0 0 0 0 0 1 0 0 0 0 0 0 0 0 0 0 1 0 0 0 0 0.526315789474 1 0 0.0 0 0 1 0 0.0 0.0 1
1 0.211729323308 0.0535714285714 0 1 0 0 0 0 0 0 0 0 0 1 0 0 0 0 0 0 0 0 1 0 0 0 0 0 0.0701754385965 1 1 0.164179104478 1 0 1 0 0.217 0.00035 1
1 0.17037593985 0.0610714285714 0 1 0 0 0 0 0 0 0 0 0 0 0 0 0 0 1 0 0 0 1 0 0 0 0 0 0.0584210526316 1 1 0.0149253731343 1 0 1 0 0.1975 0.0002 1
1 0.223007518797 0.129464285714 0 1 0 0 0 0 0 0 1 0 0 0 0 0 0 0 0 0 0 0 1 0 0 0 0 0 0.00877192982456 0 0 0.0 1 0 1 0 0.05 0.0 0
1 0.323308270677 0.589285714286 1 0 0 0 0 0 0 0 0 0 1 0 0 0 0 0 0 0 0 0 1 0 0 0 0 0 0.140350877193 1 0 0.0 0 0 1 0 0.04 0.0 0
0 0.106466165414 0.303571428571 0 1 0 0 0 0 0 0 0 0 1 0 0 0 0 0 0 0 0 0 1 0 0 0 0 0 0.00578947368421 0 0 0.0 0 0 1 0 0.0 0.00351 0
1 0.690526315789 0.055 0 1 0 0 0 0 0 0 0 0 0 0 0 1 0 0 0 0 0 0 1 0 0 0 0 0 0.00438596491228 1 0 0.0 1 0 1 0 0.13 0.0 1
0 0.45984962406 0.0 0 1 0 0 0 0 0 0 0 0 1 0 0 0 0 0 0 0 0 0 1 0 0 0 0 0 0.0877192982456 1 0 0.0 0 0 1 0 0.0 0.0 1
1 0.207969924812 0.0728571428571 1 0 0 0 0 0 0 0 1 0 0 0 0 0 0 0 0 0 0 0 1 0 0 0 0 0 0.0701754385965 1 1 0.044776119403 1 0 1 0 0.185 0.0056 1
0 0.0627067669173 0.364642857143 0 1 0 1 0 0 0 0 0 0 0 0 0 0 0 0 0 1 0 0 0 0 0 0 0 0 0.0 0 0 0.0 0 0 1 0 0.0 0.0005 0
0 0.577744360902 0.0 1 0 0 1 0 0 0 0 0 0 0 0 0 0 0 0 0 1 0 0 0 0 0 0 0 0 0.0 0 0 0.0 0 0 1 0 0.0 0.0 0
1 0.169172932331 0.401785714286 0 1 0 0 0 0 0 0 0 0 1 0 0 0 0 0 0 0 0 0 1 0 0 0 0 0 0.0877192982456 1 1 0.253731343284 0 0 1 0 0.1 0.01208 1
1 0.245563909774 0.0371428571429 1 0 0 0 0 1 0 0 0 0 0 0 0 0 0 0 0 0 0 0 0 1 0 0 0 0 0.0175438596491 1 1 0.149253731343 1 0 1 0 0.066 0.00028 0
1 0.179248120301 0.0103571428571 1 0 0 0 0 0 0 0 0 0 1 0 0 0 0 0 0 0 0 0 1 0 0 0 0 0 0.0526315789474 0 0 0.0 1 0 1 0 0.08 0.0 0
1 0.617744360902 0.553571428571 0 1 0 0 0 0 0 0 0 0 0 0 1 0 0 0 0 0 0 0 0 0 0 0 0 1 0.0 1 1 0.298507462687 0 0 1 0 0.076 0.0013 0
1 0.194285714286 0.151785714286 0 1 0 0 0 0 0 0 0 0 0 0 0 0 0 1 0 0 0 0 1 0 0 0 0 0 0.150526315789 1 1 0.0149253731343 1 0 1 0 0.06 0.0 1
0 0.137894736842 0.0446428571429 0 1 0 0 0 0 0 0 0 0 0 0 0 1 0 0 0 0 0 0 1 0 0 0 0 0 0.00877192982456 0 0 0.0 1 0 1 0 0.06 0.00809 0
1 0.134135338346 0.00589285714286 0 1 0 0 0 0 0 0 0 0 1 0 0 0 0 0 0 0 0 1 0 0 0 0 0 0 0.0789473684211 0 0 0.0 1 1 0 0 0.0 0.0 1
1 0.280751879699 0.0773214285714 1 0 0 0 0 0 1 0 0 0 0 0 0 0 0 0 0 1 0 0 0 0 0 0 0 0 0.0 0 0 0.0 0 0 1 0 0.06 0.0 0
1 0.18045112782 0.0178571428571 0 1 0 0 0 0 0 0 0 0 1 0 0 0 0 0 0 0 0 0 1 0 0 0 0 0 0.0512280701754 1 1 0.0746268656716 1 0 1 0 0.156 0.0 1
1 0.443609022556 0.900357142857 0 1 0 0 0 0 0 0 0 0 0 0 0 1 0 0 0 0 0 0 0 0 0 0 1 0 0.00736842105263 1 1 0.0149253731343 0 0 1 0 0.38 0.0009 0
1 0.307067669173 0.3275 0 1 0 0 0 0 0 0 0 0 1 0 0 0 0 0 0 0 0 0 1 0 0 0 0 0 0.157894736842 1 1 0.179104477612 1 0 1 0 0.0 0.00221 1
1 0.246917293233 0.03875 1 0 0 0 0 0 0 0 0 0 1 0 0 0 0 0 0 0 0 0 1 0 0 0 0 0 0.00140350877193 0 0 0.0 0 0 1 0 0.085 0.00179 0
0 0.166616541353 0.160714285714 0 1 0 0 0 0 0 0 0 0 0 1 0 0 0 0 0 0 0 0 1 0 0 0 0 0 0.0350877192982 0 0 0.0 1 0 1 0 0.18 6e-05 0
1 0.305714285714 0.00285714285714 1 0 0 0 0 0 0 0 0 1 0 0 0 0 0 0 0 0 0 0 0 1 0 0 0 0 0.00140350877193 1 1 0.0149253731343 1 0 1 0 0.14 0.02 1
1 0.0575939849624 0.357142857143 0 1 0 0 0 0 0 0 0 0 0 1 0 0 0 0 0 0 0 0 0 0 0 0 1 0 0.00578947368421 0 1 0.0149253731343 0 0 1 0 0.06 1e-05 0
1 0.16045112782 0.440535714286 0 1 0 0 0 0 0 0 0 0 0 0 0 1 0 0 0 0 0 0 0 0 0 0 1 0 0.0556140350877 1 0 0.0 1 0 1 0 0.06 0.0 1
1 0.116541353383 0.348214285714 0 1 0 0 0 0 0 0 0 0 1 0 0 0 0 0 0 0 0 0 1 0 0 0 0 0 0.00877192982456 1 0 0.0 0 0 1 0 0.07 0.0 0
1 0.233082706767 0.464285714286 0 1 0 0 1 0 0 0 0 0 0 0 0 0 0 0 0 0 0 0 0 0 0 0 1 0 0.0175438596491 0 0 0.0 0 0 1 0 0.114 0.0 0
0 0.18045112782 0.0178571428571 0 1 0 0 0 0 0 0 0 0 1 0 0 0 0 0 0 0 0 0 0 0 0 0 1 0 0.030701754386 1 0 0.0 1 0 1 0 0.2455 0.0 1
0 0.548872180451 0.0298214285714 0 1 0 0 0 0 0 0 1 0 0 0 0 0 0 0 0 0 0 0 1 0 0 0 0 0 0.0175438596491 0 0 0.0 1 0 1 0 0.12 0.00117 0
1 0.14030075188 0.410714285714 0 1 0 0 0 1 0 0 0 0 0 0 0 0 0 0 0 0 0 0 1 0 0 0 0 0 0.122807017544 1 1 0.134328358209 0 0 1 0 0.028 0.00742 1
0 0.106466165414 0.107142857143 0 1 0 0 0 0 0 0 1 0 0 0 0 0 0 0 0 0 0 0 1 0 0 0 0 0 0.00140350877193 1 0 0.0 0 0 1 0 0.05 0.0 1
1 0.662857142857 0.251428571429 0 1 0 0 0 0 0 0 0 1 0 0 0 0 0 0 0 0 0 0 1 0 0 0 0 0 0.491228070175 1 1 0.089552238806 1 0 1 0 0.18 0.01332 1
1 0.278195488722 0.00589285714286 1 0 0 0 0 0 0 0 0 0 1 0 0 0 0 0 0 0 0 0 0 0 0 0 1 0 0.114035087719 1 1 0.0149253731343 1 0 1 0 0.216 0.08 1
1 0.254436090226 0.0892857142857 0 1 0 0 0 0 0 0 0 0 0 0 0 0 0 1 0 0 0 0 0 0 0 0 1 0 0.0789473684211 0 0 0.0 1 1 0 0 0.17 0.0 0
1 0.209323308271 0.0267857142857 0 1 0 0 0 0 0 0 0 0 0 0 0 1 0 0 0 0 0 0 0 0 0 0 1 0 0.00578947368421 0 0 0.0 1 0 1 0 0.11 0.00251 0
1 0.0338345864662 0.111607142857 0 1 0 0 0 0 0 0 0 0 0 1 0 0 0 0 0 0 0 0 1 0 0 0 0 0 0.00298245614035 0 1 0.0149253731343 0 0 1 0 0.0 6e-05 0
1 0.46992481203 0.303571428571 0 1 0 0 0 0 0 0 0 0 0 0 0 0 0 1 0 0 0 0 0 0 0 0 1 0 0.491228070175 1 1 0.0149253731343 1 0 1 0 0.044 0.02 1
0 0.172932330827 0.446428571429 0 1 0 0 1 0 0 0 0 0 0 0 0 0 0 0 0 0 0 0 1 0 0 0 0 0 0.0350877192982 0 0 0.0 1 0 1 0 0.09 0.01062 0
1 0.089022556391 0.0133928571429 0 1 0 0 0 0 0 0 0 0 0 0 0 1 0 0 0 0 0 0 1 0 0 0 0 0 0.0701754385965 1 1 0.0298507462687 1 0 1 0 0.04 0.0 1
0 0.209323308271 0.0728571428571 0 1 0 0 0 0 0 0 0 0 0 1 0 0 0 0 0 0 0 0 1 0 0 0 0 0 0.00877192982456 0 0 0.0 1 0 1 0 0.09 0.0005 0
1 0.111578947368 0.00892857142857 1 0 0 0 0 0 0 0 0 0 1 0 0 0 0 0 0 0 0 0 0 0 0 0 1 0 0.00877192982456 0 0 0.0 0 0 1 0 0.14 0.00204 0
0 0.035037593985 0.0119642857143 0 1 0 1 0 0 0 0 0 0 0 0 0 0 0 0 0 1 0 0 0 0 0 0 0 0 0.0 0 1 0.0149253731343 0 0 1 0 0.08 0.00126 0
0 0.0312781954887 0.272321428571 0 1 0 0 0 0 0 0 0 0 0 0 0 1 0 0 0 0 0 0 1 0 0 0 0 0 0.00438596491228 0 1 0.0149253731343 1 0 1 0 0.0 0.0016 0
1 0.315789473684 0.0892857142857 0 1 0 0 0 0 0 0 0 0 0 0 0 0 0 1 0 0 0 0 0 1 0 0 0 0 0.0175438596491 0 0 0.0 0 0 1 0 0.174 0.0 0
1 0.300751879699 0.0982142857143 0 1 0 0 0 1 0 0 0 0 0 0 0 0 0 0 0 0 0 0 0 1 0 0 0 0 0.0 0 0 0.0 0 0 1 0 0.09 0.0 0
1 0.604060150376 0.34375 0 1 0 0 0 0 0 0 0 0 0 0 1 0 0 0 0 0 0 0 1 0 0 0 0 0 0.304035087719 1 1 0.0746268656716 0 0 1 0 0.0 0.0 1
1 0.0 0.142857142857 1 0 0 0 0 0 0 0 0 0 0 1 0 0 0 0 0 0 0 0 1 0 0 0 0 0 0.0614035087719 1 1 0.0298507462687 1 0 1 0 0.06 0.01 1
0 0.105263157895 0.340714285714 0 1 0 0 0 1 0 0 0 0 0 0 0 0 0 0 0 0 0 0 1 0 0 0 0 0 0.00140350877193 0 0 0.0 0 0 1 0 0.1 0.01 0
0 0.482406015038 0.375 0 1 0 0 0 0 0 0 0 0 0 0 0 1 0 0 0 0 0 0 1 0 0 0 0 0 0.175438596491 1 1 0.10447761194 1 0 1 0 0.0 0.0 1
1 0.147819548872 0.0639285714286 0 1 0 0 0 0 0 0 0 0 1 0 0 0 0 0 0 0 0 0 1 0 0 0 0 0 0.0189473684211 0 0 0.0 1 0 1 0 0.068 1e-05 0
1 0.0965413533835 0.200892857143 0 1 0 0 0 0 0 0 0 0 0 1 0 0 0 0 0 0 0 0 1 0 0 0 0 0 0.06 1 0 0.0 0 1 0 0 0.06 0.0 1
0 0.161654135338 0.0625 1 0 0 0 0 0 0 0 0 0 1 0 0 0 0 0 0 0 0 0 1 0 0 0 0 0 0.00578947368421 0 0 0.0 0 0 1 0 0.066 0.0 0
0 0.659097744361 0.0714285714286 0 1 0 1 0 0 0 0 0 0 0 0 0 0 0 0 0 1 0 0 0 0 0 0 0 0 0.228070175439 0 1 0.0149253731343 0 0 1 0 0.0 0.0001 0
1 0.298195488722 0.0119642857143 1 0 0 0 0 0 0 0 0 0 0 0 0 0 0 1 0 0 0 0 1 0 0 0 0 0 0.00298245614035 0 0 0.0 0 0 1 0 0.09 0.0 0
0 0.0763909774436 0.339285714286 0 1 0 0 0 0 0 0 0 0 0 1 0 0 0 0 0 0 0 0 1 0 0 0 0 0 0.0570175438596 1 1 0.089552238806 1 0 1 0 0.02 0.006 1
1 0.267969924812 0.00142857142857 1 0 0 0 1 0 0 0 0 0 0 0 0 0 0 0 0 0 0 0 1 0 0 0 0 0 0.149122807018 0 0 0.0 1 0 1 0 0.23 0.0 0
1 0.416090225564 0.178571428571 0 1 0 0 0 0 0 0 0 0 0 0 0 1 0 0 0 0 0 0 0 0 0 0 1 0 0.175438596491 1 1 0.089552238806 1 0 1 0 0.235 0.0 1
1 0.354586466165 0.232142857143 0 1 0 0 0 0 0 0 0 1 0 0 0 0 0 0 0 0 0 0 0 0 0 0 1 0 0.149122807018 1 1 0.179104477612 1 0 1 0 0.0465 0.0 1
1 0.0526315789474 0.107142857143 0 1 0 0 0 0 1 0 0 0 0 0 0 0 0 0 0 0 0 0 1 0 0 0 0 0 0.00140350877193 0 0 0.0 1 0 1 0 0.08 0.0004 0
0 0.0989473684211 0.357142857143 0 1 0 0 0 0 0 0 0 0 1 0 0 0 0 0 0 0 0 0 0 0 0 0 1 0 0.0350877192982 1 1 0.0597014925373 0 0 1 0 0.025 0.01465 1
0 0.345864661654 0.168214285714 0 1 0 1 0 0 0 0 0 0 0 0 0 0 0 0 0 1 0 0 0 0 0 0 0 0 0.0 0 0 0.0 0 0 1 0 0.08 0.0 0
0 0.486165413534 0.107142857143 0 1 0 0 0 0 0 0 0 0 1 0 0 0 0 0 0 0 0 0 1 0 0 0 0 0 0.0833333333333 1 1 0.119402985075 1 0 1 0 0.198 0.04159 1
1 0.184210526316 0.0357142857143 0 1 0 0 0 0 0 0 0 0 0 0 0 1 0 0 0 0 0 0 1 0 0 0 0 0 0.0614035087719 1 0 0.0 1 0 1 0 0.14 0.0 1
1 0.408571428571 0.0178571428571 1 0 0 0 0 0 0 0 0 1 0 0 0 0 0 0 0 0 0 0 1 0 0 0 0 0 0.0175438596491 0 0 0.0 1 0 1 0 0.065 0.0 0
1 0.0664661654135 0.366071428571 0 1 0 0 0 0 0 0 0 0 1 0 0 0 0 0 0 0 0 0 0 0 0 0 1 0 0.0380701754386 0 0 0.0 0 0 1 0 0.16 0.00013 0
1 0.104060150376 0.0446428571429 1 0 0 0 0 0 0 0 0 0 1 0 0 0 0 0 0 0 0 0 0 0 0 0 1 0 0.0482456140351 1 1 0.044776119403 1 0 1 0 0.07 0.0021 0
1 0.0839097744361 0.339285714286 0 1 0 0 0 0 0 0 0 0 0 0 0 1 0 0 0 0 0 0 1 0 0 0 0 0 0.0350877192982 1 0 0.0 1 0 1 0 0.03 0.004 1
1 0.116541353383 0.410714285714 0 1 0 0 0 1 0 0 0 0 0 0 0 0 0 0 0 0 0 0 1 0 0 0 0 0 0.0175438596491 1 0 0.0 1 0 1 0 0.05 0.00068 0
1 0.0563909774436 0.785714285714 0 0 1 1 0 0 0 0 0 0 0 0 0 0 0 0 0 0 0 0 0 0 0 1 0 0 0.0 0 0 0.0 1 0 0 1 0.225 1.0 1
0 0.220601503759 0.125 0 1 0 0 0 0 0 0 0 0 0 1 0 0 0 0 0 0 0 0 1 0 0 0 0 0 0.029298245614 1 0 0.0 0 1 0 0 0.14 0.0 1
0 0.506315789474 0.285714285714 0 1 0 0 0 0 0 0 0 0 0 0 1 0 0 0 0 0 0 0 0 1 0 0 0 0 0.228070175439 1 1 0.089552238806 0 0 1 0 0.1875 0.511 1
0 0.169172932331 0.03125 0 1 0 0 0 0 0 0 0 0 0 0 0 0 0 0 1 0 0 0 0 0 0 0 1 0 0.0364912280702 1 0 0.0 1 0 1 0 0.08 0.0586 1
1 0.14030075188 0.410714285714 0 1 0 0 0 0 0 0 0 0 0 1 0 0 0 0 0 0 0 0 0 0 0 0 1 0 0.0745614035088 1 1 0.164179104478 1 0 1 0 0.145 0.00284 1
1 0.380902255639 0.214285714286 0 1 0 0 0 0 0 0 0 1 0 0 0 0 0 0 0 0 0 0 1 0 0 0 0 0 0.0452631578947 1 1 0.0746268656716 1 0 1 0 0.054 0.01097 1
1 0.328270676692 0.0267857142857 0 1 0 0 0 0 1 0 0 0 0 0 0 0 0 0 0 0 0 0 1 0 0 0 0 0 0.0526315789474 0 0 0.0 1 0 1 0 0.1155 0.0 0
0 0.704210526316 0.589285714286 0 1 0 0 0 0 0 0 0 0 0 0 0 1 0 0 0 0 0 0 1 0 0 0 0 0 0.385964912281 1 0 0.0 1 0 1 0 0.0105 0.10561 1
1 0.634135338346 0.410714285714 0 1 0 1 0 0 0 0 0 0 0 0 0 0 0 0 0 1 0 0 0 0 0 0 0 0 0.175438596491 1 1 0.0746268656716 0 0 1 0 0.0 0.08851 1
1 0.565112781955 0.357142857143 0 1 0 0 0 1 0 0 0 0 0 0 0 0 0 0 0 0 0 0 0 1 0 0 0 0 0.0 1 1 0.164179104478 0 0 1 0 0.0 0.01249 1
1 0.611578947368 0.0178571428571 1 0 0 0 0 0 1 0 0 0 0 0 0 0 0 0 0 0 0 0 0 0 0 0 1 0 0.138947368421 1 0 0.0 0 0 1 0 0.09 0.00314 1
0 0.244360902256 0.188928571429 0 1 0 0 0 0 0 0 0 0 0 0 1 0 0 0 0 0 1 0 0 0 0 0 0 0 0.0789473684211 1 1 0.0746268656716 1 0 1 0 0.0495 0.005 1
1 0.264360902256 0.696428571429 0 1 0 0 0 0 0 0 0 0 1 0 0 0 0 0 0 0 0 0 1 0 0 0 0 0 0.245614035088 1 1 0.238805970149 0 0 1 0 0.0 0.05 1
0 0.274436090226 0.214285714286 0 1 0 0 1 0 0 0 0 0 0 0 0 0 0 0 0 0 0 0 1 0 0 0 0 0 0.0438596491228 0 0 0.0 0 0 1 0 0.136 0.0 0
1 0.174135338346 0.0207142857143 0 1 0 0 0 0 0 0 0 0 1 0 0 0 0 0 0 0 0 0 1 0 0 0 0 0 0.0101754385965 1 1 0.10447761194 1 0 1 0 0.048 0.05124 1
1 0.51007518797 0.0103571428571 0 1 0 0 0 0 0 0 0 0 1 0 0 0 0 0 0 0 0 0 0 1 0 0 0 0 0.526315789474 1 1 0.298507462687 0 0 1 0 0.0 0.15 1
1 0.394736842105 0.232142857143 0 1 0 0 0 0 0 0 1 0 0 0 0 0 0 0 0 0 0 0 0 1 0 0 0 0 0.122807017544 1 1 0.0149253731343 0 0 1 0 0.0 0.005 1
0 0.240601503759 0.02375 0 1 0 0 0 0 0 0 0 0 0 1 0 0 0 0 0 0 0 0 1 0 0 0 0 0 0.00877192982456 0 0 0.0 1 0 1 0 0.15 0.0 0
0 0.134135338346 0.0119642857143 0 1 0 0 0 0 0 0 0 0 0 0 0 1 0 0 0 0 0 0 1 0 0 0 0 0 0.0263157894737 0 0 0.0 0 1 0 0 0.08 0.0 0
0 0.105263157895 0.366071428571 0 1 0 0 0 0 0 0 0 0 0 0 0 1 0 0 0 0 0 0 1 0 0 0 0 0 0.0249122807018 1 1 0.0298507462687 1 0 1 0 0.0245 0.0 1
1 0.224360902256 0.333392857143 0 1 0 0 0 0 0 0 0 0 0 0 0 1 0 0 0 0 0 0 0 0 0 0 1 0 0.198771929825 1 1 0.089552238806 0 0 1 0 0.1905 0.00168 1
1 0.267969924812 0.375 0 1 0 0 0 0 0 0 0 0 0 0 0 0 0 0 1 0 0 0 1 0 0 0 0 0 0.228070175439 1 0 0.0 0 0 1 0 0.0 0.0 1
1 0.296992481203 0.0625 0 1 0 0 0 0 0 0 0 0 0 0 0 0 0 0 1 0 0 0 0 0 0 0 1 0 0.157894736842 1 1 0.0597014925373 1 0 1 0 0.1265 0.00857 1
0 0.155338345865 0.0178571428571 0 1 0 0 0 0 0 0 0 0 0 0 0 1 0 0 0 0 0 0 0 0 0 0 1 0 0.0438596491228 1 1 0.0149253731343 0 0 1 0 0.0 0.00678 1
0 0.236842105263 0.0164285714286 0 1 0 0 0 0 1 0 0 0 0 0 0 0 0 0 0 0 0 0 1 0 0 0 0 0 0.0189473684211 1 1 0.0597014925373 0 0 1 0 0.19 0.005 1
1 0.253082706767 0.0967857142857 1 0 0 0 0 0 0 0 0 1 0 0 0 0 0 0 0 0 0 0 1 0 0 0 0 0 0.00438596491228 0 0 0.0 1 1 0 0 0.04 0.0 0
1 0.344661654135 0.157678571429 1 0 0 0 0 0 1 0 0 0 0 0 0 0 0 0 0 0 0 0 1 0 0 0 0 0 0.00877192982456 1 1 0.149253731343 1 0 1 0 0.16 0.0 1
1 0.0702255639098 0.371964285714 1 0 0 0 0 0 0 0 1 0 0 0 0 0 0 0 0 0 0 0 1 0 0 0 0 0 0.00438596491228 1 0 0.0 0 0 1 0 0.06 0.00375 0
1 0.115338345865 0.0267857142857 1 0 0 0 0 0 0 0 0 0 0 0 0 0 1 0 0 0 0 0 0 0 0 1 0 0 0.0263157894737 0 0 0.0 1 0 1 0 0.066 2e-05 0
1 0.267969924812 0.0133928571429 0 1 0 0 1 0 0 0 0 0 0 0 0 0 0 0 0 0 0 0 1 0 0 0 0 0 0.030701754386 1 0 0.0 1 1 0 0 0.464 0.0 0
1 0.134135338346 0.0267857142857 0 1 0 0 0 1 0 0 0 0 0 0 0 0 0 0 0 0 0 0 1 0 0 0 0 0 0.0556140350877 0 1 0.0149253731343 1 0 1 0 0.2 9e-05 0
1 0.179248120301 0.446428571429 0 1 0 0 0 0 0 0 0 0 0 0 0 0 0 1 0 0 0 0 1 0 0 0 0 0 0.0424561403509 1 1 1.0 1 0 1 0 0.07 0.00258 1
1 0.267969924812 0.107142857143 1 0 0 0 0 1 0 0 0 0 0 0 0 0 0 0 0 0 0 0 0 1 0 0 0 0 0.245614035088 0 0 0.0 0 0 1 0 0.0 1e-05 0
1 0.355939849624 0.0728571428571 0 1 0 0 0 0 0 0 0 0 0 1 0 0 0 0 0 0 0 0 1 0 0 0 0 0 0.00140350877193 1 0 0.0 1 0 1 0 0.2 0.058 1
1 0.304511278195 0.160714285714 0 1 0 0 0 0 0 0 1 0 0 0 0 0 0 0 0 0 0 0 1 0 0 0 0 0 0.0350877192982 1 0 0.0 1 0 1 0 0.12 0.0 0
1 0.137894736842 0.00607142857143 0 1 0 0 0 0 0 0 0 1 0 0 0 0 0 0 0 0 0 0 1 0 0 0 0 0 0.00298245614035 0 0 0.0 0 1 0 0 0.0 0.0 0
1 0.16045112782 0.0714285714286 0 1 0 0 0 0 0 0 0 0 0 0 1 0 0 0 0 0 1 0 0 0 0 0 0 0 0.00578947368421 0 1 0.0298507462687 0 0 1 0 0.16 0.013 0
0 0.375939849624 0.0535714285714 0 1 0 1 0 0 0 0 0 0 0 0 0 0 0 0 0 1 0 0 0 0 0 0 0 0 0.0 0 0 0.0 0 0 1 0 0.038 0.0 0
0 0.224360902256 0.0371428571429 0 1 0 0 0 0 0 0 0 0 1 0 0 0 0 0 0 0 0 0 1 0 0 0 0 0 0.0877192982456 1 1 0.0746268656716 1 0 1 0 0.15 0.0143 1
1 0.171729323308 0.125 0 1 0 0 0 0 0 0 0 0 0 0 0 0 0 1 0 0 0 0 1 0 0 0 0 0 0.0219298245614 1 1 0.10447761194 0 0 1 0 0.0 0.07059 1
1 0.733082706767 0.455357142857 1 0 0 0 0 0 0 0 0 0 1 0 0 0 0 0 0 0 0 0 0 0 0 0 1 0 0.175438596491 1 0 0.0 0 0 1 0 0.056 0.0 0
1 0.285714285714 0.0535714285714 0 1 0 0 0 0 0 0 0 0 0 0 0 0 0 1 0 0 0 0 0 0 0 0 1 0 0.19298245614 1 1 0.044776119403 1 0 1 0 0.0 0.0 1
1 0.388421052632 0.178571428571 0 1 0 1 0 0 0 0 0 0 0 0 0 0 0 0 0 1 0 0 0 0 0 0 0 0 0.0 0 1 0.0298507462687 0 0 1 0 0.0085 1e-05 0
0 0.104060150376 0.0655357142857 0 1 0 0 0 0 0 0 0 0 0 0 0 1 0 0 0 0 0 0 1 0 0 0 0 0 0.0731578947368 1 1 0.0746268656716 0 0 1 0 0.11 0.02503 1
0 0.343308270677 0.0103571428571 0 1 0 1 0 0 0 0 0 0 0 0 0 0 0 0 0 1 0 0 0 0 0 0 0 0 0.0 0 1 0.149253731343 0 0 1 0 0.1 0.00018 0
0 0.253082706767 0.380892857143 0 1 0 0 0 0 0 0 0 0 0 0 0 1 0 0 0 0 0 0 0 0 0 0 1 0 0.00298245614035 0 1 0.179104477612 1 0 1 0 0.0645 3e-05 0
0 0.0864661654135 0.00589285714286 0 1 0 0 0 0 0 0 0 0 0 0 0 1 0 0 0 0 0 0 1 0 0 0 0 0 0.00140350877193 0 0 0.0 1 0 1 0 0.19 0.0 0
0 0.407218045113 0.357142857143 0 1 0 0 0 0 0 0 0 0 0 0 0 1 0 0 0 0 0 0 0 0 0 0 1 0 0.0614035087719 1 0 0.0 0 0 1 0 0.0145 0.00837 1
1 0.337142857143 0.015 1 0 0 0 0 0 0 0 0 0 0 1 0 0 0 0 0 0 0 0 1 0 0 0 0 0 0.0101754385965 0 0 0.0 1 0 1 0 0.1545 2e-05 0
0 0.53007518797 0.0535714285714 0 1 0 0 0 0 0 1 0 0 0 0 0 0 0 0 0 0 0 1 0 0 0 0 0 0 0.0 1 0 0.0 1 0 1 0 0.05 0.00027 0
0 0.174135338346 0.0744642857143 0 1 0 0 0 0 0 0 0 0 1 0 0 0 0 0 0 0 0 0 0 0 0 0 1 0 0.0964912280702 1 0 0.0 1 0 1 0 0.18 1e-05 0
1 0.322105263158 0.160714285714 0 1 0 0 0 0 0 0 0 0 0 0 0 0 0 0 1 0 0 0 0 0 0 0 1 0 0.201754385965 0 0 0.0 1 1 0 0 0.3555 0.0 1
1 0.141654135338 0.0 0 1 0 0 0 0 0 0 0 0 1 0 0 0 0 0 0 0 0 0 1 0 0 0 0 0 0.0 0 0 0.0 0 0 0 1 0.092 0.0 1
1 0.0815037593985 0.142857142857 1 0 0 0 0 1 0 0 0 0 0 0 0 0 0 0 0 0 0 0 1 0 0 0 0 0 0.0350877192982 0 0 0.0 1 0 1 0 0.18 0.01 0
1 0.635338345865 0.446428571429 0 1 0 0 0 0 1 0 0 0 0 0 0 0 0 0 0 0 0 0 0 0 0 0 1 0 0.280701754386 1 0 0.0 1 0 1 0 0.012 0.02028 1
1 0.0676691729323 0.00589285714286 0 1 0 0 1 0 0 0 0 0 0 0 0 0 0 0 0 0 0 0 1 0 0 0 0 0 0.00877192982456 0 0 0.0 1 1 0 0 0.14 0.0 0
0 0.270676691729 0.107142857143 1 0 0 0 0 0 0 1 0 0 0 0 0 0 0 0 0 0 0 1 0 0 0 0 0 0 0.0 0 0 0.0 0 0 1 0 0.08 0.0002 0
1 0.089022556391 0.357142857143 1 0 0 0 0 0 1 0 0 0 0 0 0 0 0 0 0 0 0 0 0 0 0 0 1 0 0.029298245614 1 0 0.0 1 0 1 0 0.07 0.0 0
0 0.135338345865 0.220178571429 0 1 0 0 0 0 0 0 1 0 0 0 0 0 0 0 0 0 0 0 1 0 0 0 0 0 0.00578947368421 0 0 0.0 0 0 1 0 0.11 0.01 0
1 0.526315789474 0.940535714286 1 0 0 1 0 0 0 0 0 0 0 0 0 0 0 0 0 1 0 0 0 0 0 0 0 0 0.0 1 0 0.0 1 0 1 0 0.0 0.0 0
1 0.142857142857 0.142857142857 0 1 0 0 0 0 0 0 0 0 1 0 0 0 0 0 0 0 0 0 0 1 0 0 0 0 0.00877192982456 1 0 0.0 1 0 1 0 0.08 0.0 1
1 0.269473684211 0.0296428571429 0 1 0 0 0 0 0 0 0 0 0 0 0 0 0 0 1 0 0 0 1 0 0 0 0 0 0.0468421052632 1 1 0.119402985075 1 0 1 0 0.1515 0.0329 1
1 0.314586466165 0.0385714285714 0 1 0 0 0 0 0 0 0 1 0 0 0 0 0 0 0 0 0 0 1 0 0 0 0 0 0.0408771929825 0 0 0.0 0 1 0 0 0.014 0.0 0
0 0.39969924812 0.269285714286 1 0 0 0 0 0 0 0 0 0 0 0 0 1 0 0 0 0 0 0 0 0 0 0 1 0 0.280701754386 1 1 0.208955223881 0 0 1 0 0.0 0.023 1
1 0.360902255639 0.25 0 1 0 0 0 0 0 0 0 0 0 0 0 1 0 0 0 0 0 0 0 0 0 0 1 0 0.40350877193 1 1 0.10447761194 1 0 1 0 0.15 5e-05 0
0 0.13037593985 0.401785714286 1 0 0 0 0 0 0 0 0 0 0 0 0 0 0 0 1 0 0 0 0 0 0 0 1 0 0.0263157894737 1 1 0.0597014925373 0 0 1 0 0.0 0.00321 1
0 0.838345864662 0.214285714286 0 1 0 1 0 0 0 0 0 0 0 0 0 0 0 0 0 1 0 0 0 0 0 0 0 0 0.0 0 0 0.0 0 1 0 0 0.0 0.0 0
1 0.147819548872 0.0164285714286 1 0 0 0 0 0 0 0 0 0 0 1 0 0 0 0 0 0 0 0 1 0 0 0 0 0 0.0921052631579 1 1 0.089552238806 1 0 1 0 0.104 0.00347 0
1 0.195488721805 0.0401785714286 0 1 0 0 0 0 0 0 0 0 0 0 0 0 0 0 1 0 0 0 0 0 0 0 1 0 0.0438596491228 1 0 0.0 0 0 1 0 0.0 0.05298 1
1 0.218045112782 0.183035714286 0 1 0 0 0 0 0 0 0 0 0 0 0 0 0 0 1 0 0 0 1 0 0 0 0 0 0.166666666667 1 1 0.0298507462687 0 0 1 0 0.21 7e-05 1
1 0.423609022556 0.015 0 1 0 0 0 0 0 0 0 0 1 0 0 0 0 0 0 0 0 0 0 0 0 0 1 0 0.00736842105263 1 1 0.089552238806 0 0 1 0 0.11 0.00948 1
0 0.139097744361 0.0655357142857 0 1 0 0 0 0 0 1 0 0 0 0 0 0 0 0 0 0 0 1 0 0 0 0 0 0 0.0 0 1 0.0149253731343 0 0 1 0 0.1 0.00053 0
0 0.412330827068 0.232142857143 0 1 0 0 0 0 0 0 0 0 0 0 0 1 0 0 0 0 0 0 1 0 0 0 0 0 0.0175438596491 1 1 0.044776119403 1 0 1 0 0.0725 0.0 1
0 0.204210526316 0.0594642857143 0 1 0 1 0 0 0 0 0 0 0 0 0 0 0 0 0 1 0 0 0 0 0 0 0 0 0.0 0 0 0.0 0 0 1 0 0.17 1e-05 0
0 0.112781954887 0.0833928571429 0 1 0 0 0 1 0 0 0 0 0 0 0 0 0 0 0 0 0 0 0 1 0 0 0 0 0.0175438596491 1 1 0.0597014925373 0 1 0 0 0.04 0.0 1
1 0.155338345865 0.321428571429 0 1 0 0 0 0 0 0 1 0 0 0 0 0 0 0 0 0 0 0 1 0 0 0 0 0 0.00877192982456 0 0 0.0 1 0 1 0 0.0 0.0 0
0 0.172932330827 0.482142857143 1 0 0 1 0 0 0 0 0 0 0 0 0 0 0 0 0 1 0 0 0 0 0 0 0 0 0.0701754385965 0 1 0.0149253731343 1 0 1 0 0.1 1e-05 0
1 0.335789473684 0.0907142857143 0 1 0 1 0 0 0 0 0 0 0 0 0 0 0 0 0 1 0 0 0 0 0 0 0 0 0.0 0 0 0.0 0 0 1 0 0.0 0.01 0
1 0.14030075188 0.0 0 1 0 0 0 0 1 0 0 0 0 0 0 0 0 0 0 0 0 0 1 0 0 0 0 0 0.0350877192982 0 1 0.164179104478 0 1 0 0 0.0 0.0 0
1 0.0763909774436 0.0148214285714 1 0 0 0 0 0 0 0 0 0 1 0 0 0 0 0 0 0 0 0 1 0 0 0 0 0 0.00578947368421 0 1 0.0149253731343 0 0 1 0 0.1 1e-05 0
1 0.117744360902 0.0282142857143 1 0 0 0 0 0 0 0 0 0 0 0 0 0 0 1 0 0 0 0 1 0 0 0 0 0 0.0233333333333 0 0 0.0 0 0 1 0 0.08 0.0 0
1 0.132781954887 0.358571428571 0 1 0 0 0 0 0 0 0 0 0 0 0 0 0 0 1 0 0 0 1 0 0 0 0 0 0.00140350877193 1 1 0.134328358209 0 0 1 0 0.03 0.00396 1
0 0.300751879699 0.0267857142857 0 1 0 0 0 0 1 0 0 0 0 0 0 0 0 0 0 0 0 0 0 1 0 0 0 0 0.0350877192982 1 1 0.044776119403 1 0 1 0 0.106 0.0 0
1 0.124060150376 0.0282142857143 0 1 0 0 0 0 0 0 0 0 0 1 0 0 0 0 0 0 0 0 1 0 0 0 0 0 0.0101754385965 0 1 0.0149253731343 0 0 1 0 0.21 0.00283 0
0 0.147819548872 0.0296428571429 0 1 0 0 0 0 0 0 0 0 0 0 0 1 0 0 0 0 0 0 1 0 0 0 0 0 0.0145614035088 0 1 0.0149253731343 1 0 1 0 0.1 0.00011 0
1 0.131578947368 0.410714285714 1 0 0 0 0 0 0 0 0 1 0 0 0 0 0 0 0 0 0 0 1 0 0 0 0 0 0.0526315789474 0 0 0.0 1 0 1 0 0.0 0.04 0
1 0.386015037594 0.0610714285714 1 0 0 0 0 0 0 0 0 1 0 0 0 0 0 0 0 0 0 0 1 0 0 0 0 0 0.00578947368421 0 0 0.0 0 1 0 0 0.2 0.0 0
1 0.187969924812 0.055 0 1 0 0 0 0 0 0 0 0 0 1 0 0 0 0 0 0 0 0 1 0 0 0 0 0 0.00438596491228 0 0 0.0 0 0 1 0 0.05 0.0 0
1 0.104060150376 0.188928571429 0 1 0 0 0 0 0 0 0 0 0 0 0 1 0 0 0 0 0 0 1 0 0 0 0 0 0.0131578947368 1 1 0.0149253731343 0 0 1 0 0.08 0.0 0
1 0.310827067669 0.151785714286 0 1 0 0 0 1 0 0 0 0 0 0 0 0 0 0 0 0 0 0 0 1 0 0 0 0 0.114035087719 1 1 0.0298507462687 0 0 1 0 0.137 0.0061 1
1 0.382255639098 0.0580357142857 0 1 0 0 0 0 0 0 0 0 1 0 0 0 0 0 0 0 0 0 1 0 0 0 0 0 0.0526315789474 1 1 0.149253731343 0 0 1 0 0.093 0.047 1
0 0.46992481203 0.16375 0 1 0 0 0 0 1 0 0 0 0 0 0 0 0 0 0 0 0 0 0 0 0 0 1 0 0.0350877192982 0 0 0.0 1 1 0 0 0.12 0.0 0
0 0.201804511278 0.0446428571429 0 1 0 1 0 0 0 0 0 0 0 0 0 0 0 0 0 1 0 0 0 0 0 0 0 0 0.0 0 1 0.0149253731343 0 0 1 0 0.046 0.003 0
1 0.203007518797 0.0223214285714 0 1 0 0 0 0 0 0 1 0 0 0 0 0 0 0 0 0 0 0 1 0 0 0 0 0 0.0159649122807 1 0 0.0 1 0 1 0 0.1 0.0 0
0 0.203007518797 0.0103571428571 0 1 0 0 0 0 0 0 0 1 0 0 0 0 0 0 0 0 0 0 0 0 0 0 1 0 0.00438596491228 0 1 0.0149253731343 1 0 1 0 0.136 0.00108 0
0 0.165413533835 0.107142857143 0 1 0 0 0 0 0 0 0 0 0 0 0 1 0 0 0 0 0 0 0 0 0 0 1 0 0.0643859649123 1 1 0.283582089552 0 0 1 0 0.0 0.005 1
1 0.125263157895 0.0833928571429 0 1 0 0 0 0 1 0 0 0 0 0 0 0 0 0 0 0 0 0 1 0 0 0 0 0 0.0263157894737 0 0 0.0 0 0 1 0 0.09 0.0 0
1 0.109022556391 0.107142857143 1 0 0 0 1 0 0 0 0 0 0 0 0 0 0 0 0 0 0 0 1 0 0 0 0 0 0.0380701754386 1 1 0.119402985075 1 0 1 0 0.08 1e-05 1
0 0.0876691729323 0.02375 0 1 0 0 0 0 0 0 0 0 0 1 0 0 0 0 0 0 0 0 1 0 0 0 0 0 0.0584210526316 0 0 0.0 0 0 1 0 0.11 5e-05 0
1 0.467368421053 0.25 1 0 0 0 0 0 0 0 0 0 1 0 0 0 0 0 0 0 0 0 1 0 0 0 0 0 0.0570175438596 0 0 0.0 0 0 1 0 0.08 2e-05 0
1 0.14030075188 0.0892857142857 0 1 0 0 0 0 0 0 0 0 1 0 0 0 0 0 0 0 0 0 1 0 0 0 0 0 0.0380701754386 1 1 0.164179104478 1 0 1 0 0.03 0.02184 1
1 0.199248120301 0.0535714285714 1 0 0 0 0 0 0 0 0 0 0 1 0 0 0 0 0 0 0 0 1 0 0 0 0 0 0.0131578947368 1 0 0.0 1 0 1 0 0.13 0.01065 1
0 0.414736842105 0.0357142857143 0 1 0 0 0 1 0 0 0 0 0 0 0 0 0 0 0 0 0 0 0 1 0 0 0 0 0.0789473684211 1 0 0.0 1 0 1 0 0.0 0.003 1
1 0.292030075188 0.108571428571 1 0 0 0 0 0 0 0 0 0 1 0 0 0 0 0 0 0 0 0 0 0 0 0 1 0 0.0715789473684 1 1 0.0149253731343 1 0 1 0 0.09 0.18027 1
0 0.185413533835 0.309464285714 0 1 0 0 0 0 0 0 1 0 0 0 0 0 0 0 0 0 0 0 1 0 0 0 0 0 0.049649122807 1 0 0.0 0 0 1 0 0.08 0.0015 1
0 0.595187969925 0.00589285714286 0 1 0 1 0 0 0 0 0 0 0 0 0 0 0 0 0 1 0 0 0 0 0 0 0 0 0.0 0 0 0.0 1 1 0 0 0.031 0.00027 0
1 0.259398496241 0.0744642857143 0 1 0 0 0 0 0 0 0 0 1 0 0 0 0 0 0 0 0 0 1 0 0 0 0 0 0.00298245614035 0 0 0.0 0 0 1 0 0.15 0.0 0
1 0.152932330827 0.0535714285714 0 1 0 0 1 0 0 0 0 0 0 0 0 0 0 0 0 0 0 0 0 0 0 0 1 0 0.0657894736842 1 1 0.089552238806 0 0 1 0 0.1 0.00327 1
0 0.573984962406 0.232142857143 0 1 0 0 0 1 0 0 0 0 0 0 0 0 0 0 0 0 0 0 0 1 0 0 0 0 0.108245614035 0 0 0.0 1 0 1 0 0.0365 0.0 0
1 0.145413533835 0.0357142857143 0 1 0 0 0 0 0 0 0 0 1 0 0 0 0 0 0 0 0 0 1 0 0 0 0 0 0.0175438596491 0 0 0.0 1 1 0 0 0.14 0.0 0
1 0.441052631579 0.0133928571429 1 0 0 0 0 0 0 0 0 0 1 0 0 0 0 0 0 0 0 0 1 0 0 0 0 0 0.0131578947368 1 1 0.119402985075 1 0 1 0 0.15 0.00162 1
0 0.5 0.464285714286 0 1 0 0 0 1 0 0 0 0 0 0 0 0 0 0 0 0 0 0 0 1 0 0 0 0 0.181228070175 1 1 0.134328358209 1 0 1 0 0.0 0.0 1
1 0.367218045113 0.361607142857 0 1 0 0 0 0 0 0 0 0 0 0 0 0 0 0 1 0 0 0 1 0 0 0 0 0 0.0877192982456 1 1 0.089552238806 0 0 1 0 0.26 0.00196 1
0 0.756842105263 0.00589285714286 0 1 0 1 0 0 0 0 0 0 0 0 0 0 0 0 0 1 0 0 0 0 0 0 0 0 0.0 1 1 0.0149253731343 0 0 1 0 0.116 0.001 1
1 0.238045112782 0.169642857143 0 1 0 0 0 0 0 0 0 1 0 0 0 0 0 0 0 0 0 0 1 0 0 0 0 0 0.0701754385965 0 1 0.0149253731343 1 0 1 0 0.23 0.00068 0
1 0.135338345865 0.392857142857 0 1 0 0 0 0 0 0 0 0 0 0 0 1 0 0 0 0 0 0 1 0 0 0 0 0 0.0877192982456 1 1 0.10447761194 1 0 1 0 0.05 0.00809 1
0 0.207969924812 0.107142857143 0 1 0 0 0 0 0 0 0 1 0 0 0 0 0 0 0 0 0 0 1 0 0 0 0 0 0.0978947368421 0 1 0.0149253731343 1 0 1 0 0.14 0.0001 0
1 0.144060150376 0.0535714285714 0 1 0 0 0 0 0 0 0 0 1 0 0 0 0 0 0 0 0 0 0 0 0 0 1 0 0.049649122807 1 0 0.0 0 0 1 0 0.211 0.002 1
0 0.290676691729 0.0580357142857 0 1 0 0 1 0 0 0 0 0 0 0 0 0 0 0 0 0 0 0 1 0 0 0 0 0 0.0189473684211 0 0 0.0 1 0 1 0 0.0 0.0 0
0 0.0815037593985 0.306607142857 0 1 0 0 0 0 0 0 0 0 0 0 0 0 0 1 0 0 0 0 0 0 0 0 1 0 0.0263157894737 1 1 0.10447761194 0 0 1 0 0.048 0.0 1
1 0.10030075188 0.0655357142857 0 1 0 0 0 0 0 0 0 0 1 0 0 0 0 0 0 0 0 0 1 0 0 0 0 0 0.0789473684211 1 1 0.0149253731343 0 0 1 0 0.05 0.0015 1
0 0.290676691729 0.165178571429 0 1 0 0 0 0 0 0 0 0 0 0 0 1 0 0 0 0 0 0 0 0 0 0 1 0 0.0570175438596 1 1 0.0298507462687 0 0 1 0 0.0 0.0 1
