0.759259259259 0 0.729559748428 0 0.310552452687
0.111111111111 0 0.0566037735849 1 0.485510714247
0.527777777778 1 0.471698113208 1 0.0374715807023
0.361111111111 1 0.327044025157 0 0.0251405758224
0.509259259259 1 0.477987421384 0 0.0170224670436
0.611111111111 0 0.591194968553 0 0.104034865739
0.759259259259 0 0.698113207547 1 0.328824114428
0.546296296296 1 0.452830188679 0 0.082251352742
0.703703703704 0 0.660377358491 1 0.227714608004
0.722222222222 0 0.74213836478 0 0.2793230586
0.722222222222 0 0.761006289308 1 0.304199973397
0.361111111111 1 0.339622641509 0 0.0351852561891
0.842592592593 1 0.798742138365 1 0.522233914192
0.259259259259 0 0.22641509434 0 0.116241850531
0.12962962963 0 0.11320754717 0 0.319873319634
0.675925925926 1 0.710691823899 1 0.25109854816
0.481481481481 0 0.383647798742 1 0.0629998376378
0.111111111111 0 0.0817610062893 1 0.371413038487
0.398148148148 1 0.333333333333 1 0.0276399119363
0.37962962963 1 0.333333333333 1 0.0250482707955
0.685185185185 0 0.603773584906 0 0.209996776424
0.722222222222 0 0.735849056604 1 0.278615860086
0.611111111111 0 0.610062893082 1 0.119615954285
0.648148148148 0 0.553459119497 0 0.168710394635
0.851851851852 0 0.893081761006 0 0.614432908683
0.240740740741 0 0.25786163522 1 0.217584722997
0.472222222222 1 0.459119496855 1 0.0191038270611
0.759259259259 0 0.830188679245 0 0.433004301414
0.805555555556 1 0.817610062893 0 0.454287947188
0.462962962963 0 0.352201257862 0 0.0673405406992
0.62037037037 1 0.622641509434 1 0.135282247471
0.0462962962963 1 0.0125786163522 0 0.565787686131
0.675925925926 1 0.654088050314 0 0.189022234151
0.740740740741 0 0.716981132075 0 0.281474002408
0.314814814815 0 0.264150943396 0 0.0776498288097
0.462962962963 0 0.377358490566 0 0.0275121049759
0.666666666667 0 0.685534591195 1 0.20943395244
0.425925925926 0 0.389937106918 0 0.010092489637
0.259259259259 0 0.238993710692 0 0.12141566563
0.342592592593 1 0.339622641509 0 0.0658494594949
0.398148148148 1 0.352201257862 0 0.0205106503434
0.388888888889 0 0.327044025157 0 0.0153671302272
0.462962962963 0 0.509433962264 1 0.0678896372696
0.935185185185 1 0.981132075472 0 0.855134123938
0.203703703704 0 0.11320754717 0 0.391970220032
0.138888888889 1 0.176100628931 0 0.461175322275
0.0925925925926 0 0.106918238994 1 0.467328990737
0.481481481481 0 0.459119496855 1 0.0124678056634
0.37037037037 0 0.320754716981 1 0.0178252840983
0.675925925926 1 0.559748427673 1 0.245560246544
0.851851851852 0 0.792452830189 0 0.537622818939
0.444444444444 0 0.446540880503 1 0.0366668702111
0.361111111111 1 0.295597484277 1 0.058564462754
0.740740740741 0 0.710691823899 1 0.286879763472
0.527777777778 1 0.433962264151 1 0.078985174866
0.694444444444 1 0.584905660377 1 0.264447275132
0.75 1 0.654088050314 0 0.340326740861
0.0648148148148 1 0.0691823899371 1 0.495938815495
0.509259259259 1 0.40251572327 0 0.0916001952133
0.509259259259 1 0.446540880503 1 0.0346077580718
0.0740740740741 0 0.0503144654088 0 0.4114394737
0.796296296296 0 0.74213836478 0 0.396069509946
0.87037037037 0 0.930817610063 0 0.692877034083
0.277777777778 0 0.22641509434 0 0.107720913148
0.685185185185 0 0.610062893082 1 0.210976629787
0.287037037037 1 0.295597484277 1 0.13230150514
0.166666666667 0 0.138364779874 0 0.267997960769
0.592592592593 0 0.496855345912 1 0.110889579046
0.101851851852 1 0.0691823899371 1 0.40933113884
0.546296296296 1 0.433962264151 1 0.119878668592
0.453703703704 1 0.345911949686 1 0.0735888809838
0.814814814815 0 0.836477987421 1 0.495228776826
0.453703703704 1 0.503144654088 0 0.0885943648491
0.731481481481 1 0.641509433962 0 0.301932583248
0.805555555556 1 0.805031446541 0 0.435367783463
0.314814814815 0 0.238993710692 0 0.112480065664
0.537037037037 0 0.572327044025 1 0.118131973467
0.916666666667 1 0.968553459119 0 0.807881050535
0.546296296296 1 0.471698113208 1 0.0622282622845
0.314814814815 0 0.308176100629 1 0.0772290125587
0.37962962963 1 0.358490566038 1 0.0384703684296
0.388888888889 0 0.40251572327 0 0.0729025102707
0.490740740741 1 0.40251572327 0 0.0531160993694
0.324074074074 1 0.289308176101 0 0.0647616802544
0.490740740741 1 0.477987421384 0 0.0149254861753
0.648148148148 0 0.62893081761 0 0.146206902428
0.342592592593 1 0.40251572327 0 0.227477928448
0.777777777778 0 0.77358490566 1 0.352700348061
0.287037037037 1 0.25786163522 1 0.109188326396
0.842592592593 1 0.842767295597 0 0.549078109461
0.287037037037 1 0.301886792453 0 0.13796572028
0.12962962963 0 0.150943396226 0 0.414596785608
0.453703703704 1 0.522012578616 1 0.138391743481
0.601851851852 1 0.509433962264 1 0.113067030964
0.435185185185 1 0.40251572327 0 0.0162603588725
0.537037037037 0 0.559748427673 1 0.0929019327726
0.685185185185 0 0.635220125786 1 0.198920173193
0.0648148148148 1 0.0251572327044 0 0.548888765816
0.0925925925926 0 0.0440251572327 1 0.511782144989
0.824074074074 1 0.798742138365 1 0.472313462191
0.787037037037 1 0.723270440252 1 0.391316984456
0.166666666667 0 0.182389937107 1 0.311215155444
0.0925925925926 0 0.125786163522 0 0.543208456466
0.731481481481 1 0.767295597484 0 0.308890962202
0.759259259259 0 0.635220125786 1 0.398033950262
0.435185185185 1 0.440251572327 0 0.0444299596556
0.407407407407 0 0.408805031447 1 0.0511516590527
0.768518518519 1 0.798742138365 1 0.363844168287
0.0555555555556 0 0.0691823899371 1 0.533452525158
0.722222222222 0 0.698113207547 1 0.261166896483
0.490740740741 1 0.389937106918 0 0.0725096222074
0.185185185185 0 0.150943396226 0 0.23756757793
0.583333333333 1 0.559748427673 1 0.0888097432453
0.453703703704 1 0.396226415094 1 0.0173254168755
0.796296296296 0 0.786163522013 1 0.392415177597
0.759259259259 0 0.823899371069 1 0.418790747344
0.111111111111 0 0.106918238994 1 0.383596497332
0.462962962963 0 0.339622641509 0 0.0949847128675
0.787037037037 1 0.767295597484 0 0.371175554221
0.314814814815 0 0.245283018868 1 0.11094638214
0.768518518519 1 0.836477987421 1 0.461667615752
0.240740740741 0 0.194968553459 1 0.148994514241
0.407407407407 0 0.433962264151 1 0.0920972222814
0.0185185185185 0 0.0062893081761 1 0.504540767344
0.62037037037 1 0.603773584906 0 0.119628261622
0.787037037037 1 0.786163522013 1 0.37719194854
0.166666666667 0 0.0943396226415 1 0.389442009012
0.537037037037 0 0.48427672956 1 0.0332823525569
0.490740740741 1 0.377358490566 0 0.0971621647848
0.833333333333 0 0.811320754717 1 0.50235756506
0.222222222222 0 0.138364779874 0 0.294344636676
0.462962962963 0 0.471698113208 1 0.0272541242596
0.611111111111 0 0.622641509434 1 0.132721374673
0.62962962963 0 0.654088050314 0 0.166466672442
0.212962962963 1 0.188679245283 0 0.18843053526
0.0277777777778 1 0.0188679245283 1 0.500543619806
0.583333333333 1 0.496855345912 1 0.0962627824711
0.805555555556 1 0.893081761006 0 0.603419735572
0.287037037037 1 0.238993710692 0 0.10569304271
0.12037037037 1 0.138364779874 0 0.433247134639
0.759259259259 0 0.603773584906 0 0.450751954618
0.666666666667 0 0.603773584906 0 0.17180616323
0.5 0 0.471698113208 1 0.0140052760607
0.444444444444 0 0.48427672956 1 0.0866062565767
0.37962962963 1 0.264150943396 0 0.154769968772
0.12962962963 0 0.0943396226415 1 0.330220306065
0.824074074074 1 0.880503144654 0 0.57942042857
0.5 0 0.377358490566 0 0.116304807293
0.75 1 0.77358490566 1 0.318618491963
0.259259259259 0 0.169811320755 1 0.219260414255
0.398148148148 1 0.314465408805 0 0.0381200826864
0.555555555556 0 0.465408805031 0 0.0757852672657
0.509259259259 1 0.465408805031 0 0.0196732780734
0.277777777778 0 0.245283018868 1 0.109999663915
0.0740740740741 0 0.0943396226415 1 0.503020267817
0.388888888889 0 0.377358490566 0 0.0383378278781
0.37962962963 1 0.377358490566 0 0.0601833509186
0.0648148148148 1 0.0943396226415 1 0.585526761121
0.703703703704 0 0.691823899371 0 0.230320449918
0.564814814815 1 0.51572327044 0 0.0411353802328
0.453703703704 1 0.490566037736 0 0.0694233207941
0.685185185185 0 0.62893081761 0 0.196108420065
0.444444444444 0 0.389937106918 0 0.0061683425946
0.555555555556 0 0.584905660377 1 0.115059872827
0.185185185185 0 0.106918238994 1 0.371558975102
0.277777777778 0 0.188679245283 0 0.17735866562
0.5 0 0.389937106918 0 0.0880878705988
0.777777777778 0 0.666666666667 0 0.412263125183
0.62962962963 0 0.647798742138 1 0.160616427171
0.601851851852 1 0.471698113208 1 0.19491082151
0.62037037037 1 0.566037735849 0 0.117521340212
0.601851851852 1 0.496855345912 1 0.13863789022
0.425925925926 0 0.327044025157 0 0.0490215430466
0.527777777778 1 0.48427672956 1 0.0304705994288
0.555555555556 0 0.528301886792 0 0.0374090972994
0.611111111111 0 0.547169811321 1 0.106534675212
0.453703703704 1 0.421383647799 1 0.0161230847299
0.472222222222 1 0.433962264151 1 0.0152994398742
0.490740740741 1 0.459119496855 1 0.0177277721211
0.537037037037 0 0.528301886792 0 0.0336918081892
0.166666666667 0 0.106918238994 1 0.324765533398
0.888888888889 0 0.893081761006 0 0.667701903046
0.814814814815 0 0.74213836478 0 0.450737753845
0.509259259259 1 0.408805031447 1 0.0841021868718
0.111111111111 0 0.0440251572327 1 0.590260352245
0.87037037037 0 0.943396226415 0 0.716959652289
0.694444444444 1 0.660377358491 1 0.216874684329
0.564814814815 1 0.59748427673 1 0.129871279457
0.759259259259 0 0.817610062893 0 0.398136195831
0.777777777778 0 0.786163522013 1 0.356393022497
0.861111111111 1 0.88679245283 1 0.622997868464
0.5 0 0.547169811321 1 0.110416219934
0.0740740740741 0 0.0377358490566 0 0.471766069713
0.611111111111 0 0.509433962264 1 0.130022754373
0.175925925926 1 0.169811320755 1 0.26620817103
0.101851851852 1 0.11320754717 0 0.446477521833
0.851851851852 0 0.899371069182 1 0.627563417104
0.740740740741 0 0.578616352201 0 0.428702887159
0.666666666667 0 0.635220125786 1 0.171564750083
0.0555555555556 0 0.0251572327044 0 0.508173728475
0.666666666667 0 0.528301886792 0 0.254696077415
0.351851851852 0 0.25786163522 1 0.123921155413
0.685185185185 0 0.591194968553 0 0.221371595897
0.268518518519 1 0.182389937107 1 0.189315243441
0.824074074074 1 0.792452830189 0 0.462320851327
0.787037037037 1 0.830188679245 0 0.454671368069
0.574074074074 0 0.572327044025 1 0.090365674648
0.777777777778 0 0.735849056604 1 0.355639908149
0.740740740741 0 0.660377358491 1 0.309956020205
0.824074074074 1 0.754716981132 0 0.475707447028
0.787037037037 1 0.716981132075 0 0.392112227765
0.62962962963 0 0.62893081761 0 0.135661881479
0.175925925926 1 0.132075471698 1 0.2751205764
0.768518518519 1 0.77358490566 1 0.33905813844
0.138888888889 1 0.157232704403 1 0.395473077464
0.203703703704 0 0.201257861635 0 0.21805808211
0.685185185185 0 0.710691823899 1 0.244969494372
0.694444444444 1 0.666666666667 0 0.213698444684
0.648148148148 0 0.647798742138 1 0.161414510634
0.759259259259 0 0.748427672956 1 0.314301456857
0.435185185185 1 0.396226415094 1 0.0198597815637
0.490740740741 1 0.440251572327 0 0.0175762972051
0.537037037037 0 0.490566037736 0 0.0245583441141
0.546296296296 1 0.578616352201 0 0.117795888497
0.0462962962963 1 0.0377358490566 0 0.474892795995
0.509259259259 1 0.547169811321 1 0.100073323327
0.453703703704 1 0.477987421384 0 0.0529030877688
0.388888888889 0 0.364779874214 0 0.0259026839935
0.564814814815 1 0.540880503145 0 0.0596820636185
0.777777777778 0 0.779874213836 0 0.351169031332
0.453703703704 1 0.459119496855 1 0.0382289552822
0.694444444444 1 0.622641509434 1 0.227132376296
0.759259259259 0 0.616352201258 0 0.424684068294
0.703703703704 0 0.716981132075 0 0.250642703335
0.5 0 0.490566037736 0 0.0112451190759
0.037037037037 0 0.0251572327044 0 0.457254346738
0.462962962963 0 0.459119496855 1 0.0181561621179
0.694444444444 1 0.641509433962 0 0.214843973736
0.592592592593 0 0.566037735849 0 0.0849343521915
0.657407407407 1 0.610062893082 1 0.163763791909
0.407407407407 0 0.427672955975 0 0.0765710433924
0.148148148148 0 0.176100628931 0 0.390692150428
0.722222222222 0 0.584905660377 1 0.351166664537
0.712962962963 1 0.62893081761 0 0.263230742213
0.481481481481 0 0.509433962264 1 0.0412347856464
0.87962962963 1 0.905660377358 0 0.667664034317
0.703703703704 0 0.647798742138 1 0.2302234113
0.740740740741 0 0.691823899371 0 0.285369747903
0.805555555556 1 0.798742138365 1 0.429327721188
0.296296296296 0 0.314465408805 0 0.123244251882
0.638888888889 1 0.547169811321 1 0.164805181957
0.287037037037 1 0.283018867925 1 0.120041504127
0.416666666667 1 0.37106918239 1 0.0222776999102
0.138888888889 1 0.106918238994 1 0.318811527809
0.12962962963 0 0.125786163522 0 0.339394223409
0.824074074074 1 0.88679245283 1 0.593905217411
0.731481481481 1 0.603773584906 0 0.35130867227
0.407407407407 0 0.421383647799 1 0.070938069954
0.25 1 0.276729559748 0 0.226199858844
0.148148148148 0 0.0943396226415 1 0.343713151952
0.648148148148 0 0.660377358491 1 0.174932226809
0.101851851852 1 0.0880503144654 0 0.389566502458
0.444444444444 0 0.364779874214 0 0.0214152396073
0.25 1 0.169811320755 1 0.206605158384
0.759259259259 0 0.666666666667 0 0.349533575599
0.759259259259 0 0.798742138365 1 0.350483133978
0.138888888889 1 0.0817610062893 1 0.399974722623
0.564814814815 1 0.459119496855 1 0.117942629822
0.157407407407 1 0.0943396226415 1 0.370763731793
0.333333333333 0 0.232704402516 1 0.166168456201
0.324074074074 1 0.264150943396 0 0.0871979554673
0.527777777778 1 0.490566037736 0 0.0236920969383
0.787037037037 1 0.691823899371 0 0.417408538736
0.685185185185 0 0.616352201258 0 0.201457378035
0.453703703704 1 0.446540880503 1 0.0280043984529
0.75 1 0.767295597484 0 0.311919513803
0.824074074074 1 0.874213836478 1 0.570644350625
0.638888888889 1 0.534591194969 1 0.176217870159
0.12037037037 1 0.125786163522 0 0.393484969191
0.777777777778 0 0.830188679245 0 0.442306281333
0.694444444444 1 0.566037735849 0 0.288744798375
0.805555555556 1 0.786163522013 1 0.417115056086
0.296296296296 0 0.264150943396 0 0.0863108804906
0.861111111111 1 0.893081761006 0 0.628151329121
0.148148148148 0 0.182389937107 1 0.41847833033
0.546296296296 1 0.496855345912 1 0.0403496041061
0.768518518519 1 0.654088050314 0 0.403695325247
0.601851851852 1 0.51572327044 0 0.09895146223
0.851851851852 0 0.836477987421 1 0.563454025706
0.75 1 0.635220125786 1 0.37066905997
0.814814814815 0 0.761006289308 1 0.442619645066
0.435185185185 1 0.327044025157 0 0.0705120467527
0.648148148148 0 0.654088050314 0 0.16428638037
0.194444444444 1 0.119496855346 1 0.336714064115
0.87962962963 1 0.943396226415 0 0.726871792104
0.166666666667 0 0.14465408805 1 0.277334476969
0.259259259259 0 0.176100628931 0 0.178703005499
0.62962962963 0 0.522012578616 1 0.158055081013
0.675925925926 1 0.672955974843 1 0.202218539488
0.768518518519 1 0.735849056604 1 0.337439250275
0.305555555556 1 0.289308176101 0 0.0852950518352
0.388888888889 0 0.289308176101 0 0.089730426719
0.574074074074 0 0.534591194969 1 0.0586207924884
0.287037037037 1 0.245283018868 1 0.107670263723
0.305555555556 1 0.207547169811 1 0.190082558563
0.324074074074 1 0.333333333333 1 0.0990556012347
0.777777777778 0 0.729559748428 0 0.353609197557
0.324074074074 1 0.320754716981 1 0.0758136688124
0.5 0 0.40251572327 0 0.0642684400592
0.546296296296 1 0.572327044025 1 0.110539293303
0.916666666667 1 0.962264150943 1 0.799721759514
0.268518518519 1 0.295597484277 1 0.192562960312
0.462962962963 0 0.364779874214 0 0.0455139520232
0.212962962963 1 0.157232704403 1 0.223334142777
0.546296296296 1 0.59748427673 1 0.158367498027
0.907407407407 0 0.930817610063 0 0.737246403772
0.111111111111 0 0.0503144654088 0 0.517031697546
0.0925925925926 0 0.0377358490566 0 0.547449754114
0.527777777778 1 0.440251572327 0 0.0651346872351
0.648148148148 0 0.635220125786 1 0.153103271337
0.75 1 0.754716981132 0 0.305194027533
0.435185185185 1 0.377358490566 0 0.0154035788789
0.351851851852 0 0.283018867925 1 0.0703463710634
0.0462962962963 1 0.0440251572327 1 0.497145407872
0.740740740741 0 0.798742138365 1 0.357083653442
0.824074074074 1 0.830188679245 0 0.502594244616
0.138888888889 1 0.0943396226415 1 0.338241120611
0.5 0 0.48427672956 1 0.0153410954761
0.712962962963 1 0.698113207547 1 0.252433420857
0.138888888889 1 0.100628930818 0 0.318169368837
0.648148148148 0 0.679245283019 0 0.19861248977
0.425925925926 0 0.40251572327 0 0.0156544592085
0.805555555556 1 0.735849056604 1 0.436740524889
0.518518518519 0 0.440251572327 0 0.0425365232057
0.203703703704 0 0.163522012579 0 0.204341555108
0.0555555555556 0 0.0880503144654 0 0.611656184129
0.509259259259 1 0.415094339623 0 0.0689026257703
0.518518518519 0 0.566037735849 0 0.126179078379
0.638888888889 1 0.566037735849 0 0.147148887062
0.842592592593 1 0.779874213836 0 0.518451774884
0.62037037037 1 0.578616352201 0 0.115121409512
0.351851851852 0 0.320754716981 1 0.0257838708563
0.916666666667 1 0.981132075472 0 0.831905445571
0.490740740741 1 0.534591194969 1 0.0914818554352
0.935185185185 1 0.987421383648 1 0.867876004527
0.944444444444 0 0.943396226415 0 0.826187267492
0.185185185185 0 0.194968553459 1 0.264115923753
0.768518518519 1 0.805031446541 0 0.377731577928
0.37962962963 1 0.301886792453 0 0.0520983772776
0.722222222222 0 0.77358490566 1 0.321487048185
0.416666666667 1 0.352201257862 0 0.0201087684569
0.37962962963 1 0.345911949686 1 0.0286481668458
0.546296296296 1 0.540880503145 0 0.0569171730426
0.555555555556 0 0.446540880503 1 0.113071764555
0.138888888889 1 0.0880503144654 0 0.353615824584
0.842592592593 1 0.924528301887 1 0.674186922886
0.787037037037 1 0.798742138365 1 0.393054212399
0.472222222222 1 0.408805031447 1 0.0228873864471
0.490740740741 1 0.522012578616 1 0.057542007071
0.703703703704 0 0.616352201258 0 0.244537790861
0.324074074074 1 0.283018867925 1 0.0746326378268
0.277777777778 0 0.270440251572 1 0.124238306018
0.222222222222 0 0.238993710692 0 0.242578084136
0.425925925926 0 0.408805031447 1 0.026754730396
0.5 0 0.415094339623 0 0.0448938515858
0.203703703704 0 0.125786163522 0 0.31494522525
0.842592592593 1 0.786163522013 1 0.518120423505
0.648148148148 0 0.672955974843 1 0.192500476909
0.0925925925926 0 0.0691823899371 1 0.406730598548
0.833333333333 0 0.899371069182 1 0.617209633237
0.444444444444 0 0.37106918239 1 0.0221110775026
0.657407407407 1 0.635220125786 1 0.165272387401
0.814814814815 0 0.842767295597 0 0.501652259982
0.518518518519 0 0.503144654088 0 0.0131082605425
0.342592592593 1 0.345911949686 1 0.0799224259086
0.824074074074 1 0.74213836478 0 0.486547370703
0.00925925925926 1 0.0062893081761 1 0.496041636668
0.805555555556 1 0.779874213836 0 0.414180229589
0.287037037037 1 0.22641509434 0 0.117281347142
0.490740740741 1 0.427672955975 0 0.0254151241077
0.509259259259 1 0.503144654088 0 0.0192855969603
0.509259259259 1 0.509433962264 1 0.0251703974465
0.435185185185 1 0.459119496855 1 0.0757663329012
0.185185185185 0 0.138364779874 0 0.25139643305
0.342592592593 1 0.245283018868 1 0.147575856981
0.203703703704 0 0.207547169811 1 0.236613759319
0.648148148148 0 0.540880503145 0 0.181732503819
0.722222222222 0 0.603773584906 0 0.314012707799
0.351851851852 0 0.333333333333 1 0.0379212718591
0.777777777778 0 0.805031446541 0 0.384778001677
0.25 1 0.163522012579 0 0.231998507972
0.796296296296 0 0.698113207547 1 0.44086821635
0.722222222222 0 0.704402515723 0 0.257190679938
0.12037037037 1 0.0691823899371 1 0.43359316015
0.703703703704 0 0.584905660377 1 0.288441848543
0.740740740741 0 0.666666666667 0 0.298770544377
0.759259259259 0 0.672955974843 1 0.349225892175
0.759259259259 0 0.691823899371 0 0.327091620076
0.277777777778 0 0.264150943396 0 0.111358204568
0.592592592593 0 0.610062893082 1 0.12375216621
0.305555555556 1 0.22641509434 0 0.135220237427
0.666666666667 0 0.679245283019 0 0.198184573132
0.351851851852 0 0.276729559748 0 0.0740717072785
0.37962962963 1 0.37106918239 1 0.0554639605673
0.888888888889 0 0.968553459119 0 0.779362584086
0.425925925926 0 0.433962264151 1 0.0532817750588
0.925925925926 0 0.949685534591 1 0.793553890278
0.490740740741 1 0.51572327044 0 0.037234901146
0.296296296296 0 0.22641509434 0 0.116806567952
0.296296296296 0 0.25786163522 1 0.0963692882714
0.601851851852 1 0.547169811321 1 0.099102937146
0.5 0 0.446540880503 1 0.0211307507807
0.796296296296 0 0.691823899371 0 0.443187676001
0.75 1 0.691823899371 0 0.309458993137
0.5 0 0.352201257862 0 0.188189122113
0.638888888889 1 0.59748427673 1 0.140910013959
0.601851851852 1 0.622641509434 1 0.140001164463
0.62037037037 1 0.610062893082 1 0.126240141705
0.537037037037 0 0.534591194969 1 0.0475446626157
0.00925925925926 1 0.0125786163522 0 0.504628770483
0.87962962963 1 0.899371069182 1 0.663062983743
0.314814814815 0 0.339622641509 0 0.131480700439
0.861111111111 1 0.924528301887 1 0.681500321174
0.546296296296 1 0.503144654088 0 0.0323451015142
0.453703703704 1 0.352201257862 0 0.0576319453024
0.462962962963 0 0.427672955975 0 0.0
0.481481481481 0 0.471698113208 1 0.0159758700459
0.472222222222 1 0.522012578616 1 0.0827720477657
0.490740740741 1 0.415094339623 0 0.037348507333
0.527777777778 1 0.572327044025 1 0.135030893782
0.75 1 0.603773584906 0 0.418109110222
0.240740740741 0 0.163522012579 0 0.205078575246
0.259259259259 0 0.25786163522 1 0.149946439416
0.435185185185 1 0.358490566038 1 0.0309818272703
0.601851851852 1 0.490566037736 0 0.147811589819
0.648148148148 0 0.666666666667 0 0.180643304501
0.564814814815 1 0.572327044025 1 0.0965373307564
0.287037037037 1 0.289308176101 0 0.121481935906
0.453703703704 1 0.48427672956 1 0.0655417760718
0.453703703704 1 0.333333333333 1 0.0991502730572
0.0185185185185 0 0.0503144654088 0 0.664909084282
0.416666666667 1 0.320754716981 1 0.0566946942597
0.87037037037 0 0.880503144654 0 0.624862903367
0.777777777778 0 0.767295597484 0 0.347796347656
0.453703703704 1 0.465408805031 0 0.0389579283154
0.5 0 0.383647798742 1 0.108868335636
0.212962962963 1 0.232704402516 1 0.279642102642
0.861111111111 1 0.905660377358 0 0.646274356101
0.296296296296 0 0.213836477987 0 0.142178616381
0.333333333333 0 0.245283018868 1 0.12937898598
0.101851851852 1 0.138364779874 0 0.551681584579
0.268518518519 1 0.289308176101 0 0.177680549816
0.435185185185 1 0.427672955975 0 0.0315545917964
0.851851851852 0 0.798742138365 1 0.54372915149
0.75 1 0.647798742138 1 0.353912147389
0.787037037037 1 0.729559748428 0 0.382791786841
0.509259259259 1 0.534591194969 1 0.0691345717354
0.583333333333 1 0.503144654088 0 0.0824312292047
0.805555555556 1 0.836477987421 1 0.48821832837
0.398148148148 1 0.421383647799 1 0.097966875276
0.731481481481 1 0.685534591195 1 0.280962774566
0.0740740740741 0 0.0754716981132 0 0.451838313781
0.453703703704 1 0.440251572327 0 0.018707625484
0.564814814815 1 0.503144654088 0 0.0526995433505
0.472222222222 1 0.339622641509 0 0.131764715906
0.833333333333 0 0.748427672956 1 0.511966755043
0.509259259259 1 0.427672955975 0 0.0502333423745
0.398148148148 1 0.308176100629 1 0.0602164860565
0.185185185185 0 0.169811320755 1 0.233441779906
0.564814814815 1 0.610062893082 1 0.154154601926
0.731481481481 1 0.729559748428 0 0.279689438553
0.277777777778 0 0.289308176101 0 0.139717148996
0.333333333333 0 0.25786163522 1 0.101709252419
0.842592592593 1 0.918238993711 0 0.659370782666
0.148148148148 0 0.0880503144654 0 0.367294009498
0.740740740741 0 0.735849056604 1 0.289293894946
0.638888888889 1 0.603773584906 0 0.135949210461
0.888888888889 0 0.949685534591 1 0.744073662252
0.62037037037 1 0.616352201258 0 0.126630662973
0.574074074074 0 0.51572327044 0 0.0458405698108
0.740740740741 0 0.77358490566 1 0.314248913996
0.574074074074 0 0.584905660377 1 0.101577658586
0.777777777778 0 0.698113207547 1 0.381461647735
0.361111111111 1 0.320754716981 1 0.0244660390872
0.435185185185 1 0.37106918239 1 0.0223382898766
0.87037037037 0 0.849056603774 1 0.610898809549
0.759259259259 0 0.735849056604 1 0.314443464591
0.805555555556 1 0.842767295597 0 0.496715124439
0.666666666667 0 0.672955974843 1 0.194949163598
0.888888888889 0 0.930817610063 0 0.710558417011
0.407407407407 0 0.352201257862 0 0.01153623493
0.407407407407 0 0.40251572327 0 0.037802932081
0.925925925926 0 0.974842767296 1 0.830532704144
0.833333333333 0 0.867924528302 0 0.560591149794
0.490740740741 1 0.446540880503 1 0.0203123128752
0.888888888889 0 0.962264150943 1 0.768764073558
0.611111111111 0 0.584905660377 1 0.10642343582
0.333333333333 0 0.352201257862 0 0.108262435972
0.638888888889 1 0.591194968553 0 0.136900662277
0.527777777778 1 0.459119496855 1 0.0474689251577
0.722222222222 0 0.647798742138 1 0.271145306573
0.592592592593 0 0.572327044025 1 0.0926789806306
0.527777777778 1 0.547169811321 1 0.0793638621559
0.240740740741 0 0.22641509434 0 0.155049250649
0.694444444444 1 0.691823899371 0 0.2264261245
0.268518518519 1 0.22641509434 0 0.11546364815
0.37037037037 0 0.339622641509 0 0.0207771515237
0.518518518519 0 0.396226415094 1 0.12811985074
0.638888888889 1 0.647798742138 1 0.16224904275
0.472222222222 1 0.509433962264 1 0.0567183622153
0.416666666667 1 0.446540880503 1 0.0990082653235
0.0185185185185 0 0.0440251572327 1 0.62765098854
0.324074074074 1 0.232704402516 1 0.154485953305
0.138888888889 1 0.14465408805 1 0.363994696485
0.037037037037 0 0.0503144654088 0 0.552566766119
0.5 0 0.534591194969 1 0.0757947344479
0.416666666667 1 0.314465408805 0 0.0630329727757
0.675925925926 1 0.685534591195 1 0.214066244714
0.75 1 0.729559748428 0 0.29970779542
0.12962962963 0 0.14465408805 1 0.402715471885
0.62962962963 0 0.547169811321 1 0.139362129662
0.425925925926 0 0.320754716981 1 0.065589111983
0.194444444444 1 0.163522012579 0 0.224012466386
0.222222222222 0 0.132075471698 1 0.344066277849
0.5 0 0.509433962264 1 0.0247997572614
0.416666666667 1 0.40251572327 0 0.0314551863828
0.444444444444 0 0.459119496855 1 0.0501576049165
0.268518518519 1 0.264150943396 0 0.137013795105
0.231481481481 1 0.232704402516 1 0.206460783854
0.759259259259 0 0.792452830189 0 0.330913994909
0.740740740741 0 0.610062893082 1 0.373367206911
0.185185185185 0 0.119496855346 1 0.304756643713
0.0648148148148 1 0.0377358490566 0 0.45916581817
0.407407407407 0 0.415094339623 0 0.0552698833312
0.472222222222 1 0.503144654088 0 0.0457648323528
0.796296296296 0 0.811320754717 1 0.42832893346
0.0833333333333 1 0.0943396226415 1 0.469648450388
0.694444444444 1 0.729559748428 0 0.271268379943
0.824074074074 1 0.893081761006 0 0.603893094685
0.5 0 0.427672955975 0 0.0298268310359
0.601851851852 1 0.610062893082 1 0.122960236414
0.592592592593 0 0.603773584906 0 0.112221611589
0.148148148148 0 0.157232704403 1 0.343829598293
0.814814814815 0 0.830188679245 0 0.482490683109
0.518518518519 0 0.547169811321 1 0.0838797080889
0.0925925925926 0 0.0880503144654 0 0.405690533906
0.287037037037 1 0.232704402516 1 0.116304333934
0.37962962963 1 0.320754716981 1 0.0246515958592
0.555555555556 0 0.459119496855 1 0.0914818554352
0.759259259259 0 0.716981132075 0 0.313813896971
0.351851851852 0 0.232704402516 1 0.213182483251
0.0185185185185 0 0.0377358490566 0 0.583434513844
0.509259259259 1 0.559748427673 1 0.134368191025
0.694444444444 1 0.647798742138 1 0.217759865869
0.518518518519 0 0.496855345912 1 0.0180141543842
0.481481481481 0 0.389937106918 0 0.0462334578741
0.361111111111 1 0.358490566038 1 0.0629998376378
0.203703703704 0 0.14465408805 1 0.249225466152
0.12962962963 0 0.119496855346 1 0.336857018567
0.592592592593 0 0.528301886792 0 0.0728040515753
0.175925925926 1 0.138364779874 0 0.26554040333
0.37037037037 0 0.364779874214 0 0.0490830797312
0.518518518519 0 0.48427672956 1 0.0194200309482
0.5 0 0.553459119497 0 0.123906954639
0.101851851852 1 0.100628930818 0 0.40774727925
0.712962962963 1 0.74213836478 0 0.283855945461
0.481481481481 0 0.427672955975 0 0.0106557869808
0.861111111111 1 0.899371069182 1 0.639205684475
0.87962962963 1 0.911949685535 1 0.677699247501
0.722222222222 0 0.679245283019 0 0.254629807139
0.842592592593 1 0.761006289308 1 0.53615540569
0.435185185185 1 0.352201257862 0 0.0324965764302
0.768518518519 1 0.685534591195 1 0.369722341745
0.759259259259 0 0.77358490566 1 0.321344567092
0.564814814815 1 0.471698113208 1 0.0968308134061
0.314814814815 0 0.22641509434 0 0.140143172197
0.407407407407 0 0.339622641509 0 0.0162461580991
0.0648148148148 1 0.0880503144654 0 0.553385677384
0.425925925926 0 0.333333333333 1 0.0448181141278
0.601851851852 1 0.578616352201 0 0.098863417435
0.407407407407 0 0.396226415094 1 0.0366195342998
0.824074074074 1 0.761006289308 1 0.475470767471
0.694444444444 1 0.710691823899 1 0.249176236805
0.888888888889 0 0.943396226415 0 0.730272403968
0.62037037037 1 0.522012578616 1 0.140625998492
0.759259259259 0 0.647798742138 1 0.379232126315
0.361111111111 1 0.383647798742 1 0.115339154704
0.555555555556 0 0.578616352201 0 0.101763215358
0.037037037037 0 0.062893081761 0 0.622969466917
0.842592592593 1 0.85534591195 0 0.560874218543
0.527777777778 1 0.465408805031 0 0.0373343065597
0.666666666667 0 0.610062893082 1 0.174854595915
0.388888888889 0 0.352201257862 0 0.0167777403824
0.694444444444 1 0.635220125786 1 0.220552684633
0.666666666667 0 0.578616352201 0 0.188558342221
0.824074074074 1 0.842767295597 0 0.518243496874
0.407407407407 0 0.308176100629 1 0.0680979152791
0.324074074074 1 0.327044025157 0 0.0842536617878
0.537037037037 0 0.509433962264 1 0.0222672860097
0.194444444444 1 0.182389937107 1 0.223042553564
0.638888888889 1 0.616352201258 0 0.13778442374
0.731481481481 1 0.622641509434 1 0.32816141167
0.453703703704 1 0.40251572327 0 0.0108214626702
0.685185185185 0 0.540880503145 0 0.294884266064
0.842592592593 1 0.893081761006 0 0.61132530611
0.240740740741 0 0.169811320755 1 0.19270828156
0.333333333333 0 0.270440251572 1 0.0814797773887
0.518518518519 0 0.528301886792 0 0.0396916349398
0.5 0 0.421383647799 1 0.0434690406573
0.407407407407 0 0.333333333333 1 0.0262435025545
0.342592592593 1 0.389937106918 0 0.19301738506
0.833333333333 0 0.779874213836 0 0.484568729613
0.342592592593 1 0.270440251572 1 0.0922250292418
0.425925925926 0 0.465408805031 0 0.101801084087
0.212962962963 1 0.150943396226 0 0.235041733706
0.601851851852 1 0.572327044025 1 0.102047230826
0.638888888889 1 0.522012578616 1 0.188804488959
0.425925925926 0 0.37106918239 1 0.0153515093765
0.888888888889 0 0.905660377358 0 0.678709395847
0.425925925926 0 0.352201257862 0 0.0176610284863
0.157407407407 1 0.106918238994 1 0.318174575787
0.740740740741 0 0.591194968553 0 0.402398321279
0.648148148148 0 0.584905660377 1 0.153141613426
0.666666666667 0 0.559748427673 1 0.21460729418
0.796296296296 0 0.729559748428 0 0.404159217178
0.462962962963 0 0.477987421384 0 0.026678992938
0.694444444444 1 0.62893081761 0 0.219487626629
0.509259259259 1 0.572327044025 1 0.170580163129
0.324074074074 1 0.25786163522 1 0.101143114921
0.805555555556 1 0.811320754717 1 0.447963869446
0.518518518519 0 0.51572327044 0 0.0160681750728
0.814814814815 0 0.861635220126 1 0.537973104682
0.444444444444 0 0.471698113208 1 0.0679085716341
0.861111111111 1 0.918238993711 0 0.667287240463
0.75 1 0.74213836478 0 0.301042668117
0.0925925925926 0 0.100628930818 0 0.435897945669
0.842592592593 1 0.792452830189 0 0.514664901984
0.611111111111 0 0.641509433962 0 0.156663405222
0.833333333333 0 0.880503144654 0 0.579960057958
0.555555555556 0 0.51572327044 0 0.0269857296428
0.824074074074 1 0.767295597484 0 0.467944357583
0.666666666667 0 0.572327044025 1 0.200562729313
0.425925925926 0 0.377358490566 0 0.00830319219185
0.462962962963 0 0.37106918239 1 0.0426832645306
0.712962962963 1 0.672955974843 1 0.246360223444
0.546296296296 1 0.547169811321 1 0.070748726309
0.453703703704 1 0.496855345912 1 0.081872665452
0.194444444444 1 0.188679245283 0 0.229286160258
0.462962962963 0 0.421383647799 1 0.00594586381174
0.648148148148 0 0.578616352201 0 0.150642277312
0.157407407407 1 0.14465408805 1 0.303404730088
0.12962962963 0 0.0691823899371 1 0.451963753946
0.212962962963 1 0.194968553459 1 0.197698906682
0.675925925926 1 0.635220125786 1 0.188941763102
0.203703703704 0 0.138364779874 0 0.256123255139
0.703703703704 0 0.672955974843 1 0.227193912981
0.425925925926 0 0.421383647799 1 0.0377082602585
0.703703703704 0 0.62893081761 0 0.234587782317
0.0555555555556 0 0.0188679245283 1 0.570712987696
0.685185185185 0 0.641509433962 0 0.194143979748
0.685185185185 0 0.559748427673 1 0.268612835322
0.305555555556 1 0.283018867925 1 0.0891765965574
0.546296296296 1 0.553459119497 0 0.0766893831705
0.12037037037 1 0.150943396226 0 0.480961733176
0.148148148148 0 0.0754716981132 0 0.453128217363
0.101851851852 1 0.106918238994 1 0.429180979863
0.787037037037 1 0.710691823899 1 0.402289448683
0.574074074074 0 0.459119496855 1 0.136308963386
0.240740740741 0 0.176100628931 0 0.167586166743
0.490740740741 1 0.48427672956 1 0.0223619578322
0.12962962963 0 0.0817610062893 1 0.375240288919
0.740740740741 0 0.635220125786 1 0.336061775258
0.537037037037 0 0.496855345912 1 0.0273464292865
0.657407407407 1 0.672955974843 1 0.195559323494
0.824074074074 1 0.779874213836 0 0.462974086902
0.333333333333 0 0.327044025157 0 0.0566331575751
0.796296296296 0 0.748427672956 1 0.397366513914
0.787037037037 1 0.754716981132 0 0.372458357415
0.472222222222 1 0.364779874214 0 0.0728835759062
0.861111111111 1 0.937106918239 1 0.705665303866
0.935185185185 1 0.974842767296 1 0.848619755832
0.555555555556 0 0.477987421384 0 0.0589668179996
1.0 0 0.981132075472 0 1.0
0.157407407407 1 0.182389937107 1 0.364231376041
0.0740740740741 0 0.0251572327044 0 0.58556462985
0.37037037037 0 0.345911949686 1 0.0283934996433
0.740740740741 0 0.786163522013 1 0.328364956089
0.898148148148 1 0.924528301887 1 0.721267220213
0.435185185185 1 0.364779874214 0 0.0217181894393
0.657407407407 1 0.685534591195 1 0.212851131873
0.472222222222 1 0.383647798742 1 0.047596732118
0.675925925926 1 0.679245283019 0 0.204559773659
0.814814814815 0 0.805031446541 0 0.449440749877
0.0277777777778 1 0.0125786163522 0 0.489150845822
0.361111111111 1 0.389937106918 0 0.12660510158
0.25 1 0.213836477987 0 0.136127193487
0.907407407407 0 0.943396226415 0 0.75214916871
0.0555555555556 0 0.0440251572327 1 0.448655027239
0.416666666667 1 0.377358490566 0 0.0180354555442
0.342592592593 1 0.314465408805 0 0.0334111299035
0.462962962963 0 0.465408805031 0 0.0161855681327
0.314814814815 0 0.289308176101 0 0.0657789289871
0.824074074074 1 0.748427672956 1 0.484795941987
0.824074074074 1 0.735849056604 1 0.49781331758
0.583333333333 1 0.572327044025 1 0.0942538463978
0.518518518519 0 0.452830188679 0 0.029604352253
0.472222222222 1 0.427672955975 0 0.0103149684198
0.833333333333 0 0.85534591195 0 0.543667614805
0.62962962963 0 0.635220125786 1 0.145450947925
0.462962962963 0 0.327044025157 0 0.126510429758
0.416666666667 1 0.327044025157 0 0.0429152104957
0.361111111111 1 0.345911949686 1 0.0440607395479
0.537037037037 0 0.459119496855 1 0.0565006170236
0.62962962963 0 0.553459119497 0 0.129904414594
0.527777777778 1 0.528301886792 0 0.0412679207843
0.388888888889 0 0.276729559748 0 0.128261858474
0.62962962963 0 0.559748427673 1 0.133658152356
0.666666666667 0 0.591194968553 0 0.1789160171
0.0277777777778 1 0.0377358490566 0 0.551985954488
0.703703703704 0 0.704402515723 0 0.239139603543
0.0740740740741 0 0.0691823899371 1 0.449648554527
0.00925925925926 1 0.0188679245283 1 0.556462511615
0.833333333333 0 0.77358490566 1 0.491233625917
0.62962962963 0 0.51572327044 0 0.16010472597
0.759259259259 0 0.654088050314 0 0.364368650183
0.768518518519 1 0.811320754717 1 0.395438522249
0.0462962962963 1 0.0188679245283 1 0.54236351045
0.351851851852 0 0.289308176101 0 0.0521267788244
0.203703703704 0 0.194968553459 1 0.212188429115
0.0555555555556 0 0.062893081761 0 0.498684298347
0.0648148148148 1 0.0440251572327 1 0.447416746783
0.472222222222 1 0.40251572327 0 0.0220258728624
0.453703703704 1 0.358490566038 1 0.0523066552871
0.907407407407 0 0.905660377358 0 0.714753798825
0.62037037037 1 0.503144654088 0 0.169552973855
0.574074074074 0 0.610062893082 1 0.139385797617
0.601851851852 1 0.553459119497 0 0.0962627824711
0.814814814815 0 0.85534591195 0 0.522982768308
0.583333333333 1 0.534591194969 1 0.0726800314878
0.638888888889 1 0.672955974843 1 0.200165107658
0.712962962963 1 0.603773584906 0 0.290567230958
0.398148148148 1 0.37106918239 1 0.0335616344333
0.518518518519 0 0.415094339623 0 0.080694001262
0.416666666667 1 0.358490566038 1 0.0231051316388
0.444444444444 0 0.352201257862 0 0.036359186788
0.314814814815 0 0.276729559748 0 0.0692524381544
0.564814814815 1 0.522012578616 1 0.0484487785205
0.324074074074 1 0.358490566038 1 0.166035915649
0.907407407407 0 0.968553459119 0 0.793776369061
0.916666666667 1 0.974842767296 1 0.821979104982
0.407407407407 0 0.327044025157 0 0.0264328461995
0.675925925926 1 0.540880503145 0 0.270799754421
0.481481481481 0 0.364779874214 0 0.0917185349914
0.342592592593 1 0.25786163522 1 0.117014845962
0.0648148148148 1 0.0188679245283 1 0.617525837124
0.351851851852 0 0.377358490566 0 0.118387587388
0.453703703704 1 0.377358490566 0 0.0244589387005
0.75 1 0.761006289308 1 0.310869603292
0.833333333333 0 0.823899371069 1 0.514040067955
0.601851851852 1 0.534591194969 1 0.0972521030162
0.472222222222 1 0.471698113208 1 0.0248802283106
0.435185185185 1 0.339622641509 0 0.0494002303365
0.740740740741 0 0.729559748428 0 0.283207916836
0.0277777777778 1 0.0062893081761 1 0.553717028763
0.0833333333333 1 0.0691823899371 1 0.433780137
0.703703703704 0 0.685534591195 1 0.231220305591
0.25 1 0.201257861635 0 0.139298699541
0.37037037037 0 0.314465408805 0 0.0136743980411
0.796296296296 0 0.836477987421 1 0.475663897989
0.194444444444 1 0.14465408805 1 0.254856546154
0.5 0 0.528301886792 0 0.05446517284
0.490740740741 1 0.408805031447 1 0.0505788945266
0.472222222222 1 0.477987421384 0 0.0234601509732
0.611111111111 0 0.59748427673 1 0.111689082587
0.351851851852 0 0.301886792453 0 0.033762338697
0.111111111111 0 0.0754716981132 0 0.367906692398
0.546296296296 1 0.440251572327 0 0.10358091435
0.240740740741 0 0.188679245283 0 0.146981317936
0.314814814815 0 0.320754716981 1 0.091017963505
0.666666666667 0 0.691823899371 0 0.215838027872
0.907407407407 0 0.949685534591 1 0.76391498281
0.222222222222 0 0.220125786164 1 0.207170822523
0.435185185185 1 0.333333333333 1 0.0639323550894
0.277777777778 0 0.220125786164 1 0.12186393671
0.481481481481 0 0.415094339623 0 0.0186271544348
0.12962962963 0 0.0754716981132 0 0.400040992899
0.305555555556 1 0.251572327044 0 0.0979810760494
0.657407407407 1 0.654088050314 0 0.172706965621
0.703703703704 0 0.553459119497 0 0.337013227074
0.185185185185 0 0.157232704403 1 0.240675180504
0.5 0 0.440251572327 0 0.0189154301343
0.314814814815 0 0.232704402516 1 0.135078229694
0.037037037037 0 0.0566037735849 1 0.591254406382
0.574074074074 0 0.553459119497 0 0.0691047501114
0.824074074074 1 0.836477987421 1 0.512539519569
0.796296296296 0 0.817610062893 0 0.435074300813
0.722222222222 0 0.622641509434 1 0.294836930153
0.0925925925926 0 0.119496855346 1 0.519351157197
0.787037037037 1 0.77358490566 1 0.374735214746
0.138888888889 1 0.119496855346 1 0.317614970645
0.462962962963 0 0.415094339623 0 0.000605899663962
0.351851851852 0 0.308176100629 1 0.0320733933837
0.75 1 0.698113207547 1 0.311404499089
0.222222222222 0 0.163522012579 0 0.195954578353
0.175925925926 1 0.182389937107 1 0.281800620195
0.37037037037 0 0.301886792453 0 0.0380254108639
0.787037037037 1 0.735849056604 1 0.383729037883
0.212962962963 1 0.132075471698 1 0.319688283557
0.240740740741 0 0.182389937107 1 0.161778523792
0.685185185185 0 0.666666666667 0 0.19886810369
0.75 1 0.748427672956 1 0.305828328744
0.898148148148 1 0.918238993711 0 0.711681698185
0.87037037037 0 0.899371069182 1 0.647315746149
0.481481481481 0 0.51572327044 0 0.0430619518206
0.759259259259 0 0.660377358491 1 0.362953306437
0.157407407407 1 0.157232704403 1 0.315948746569
0.796296296296 0 0.723270440252 1 0.414596785608
0.388888888889 0 0.333333333333 1 0.018691057915
0.722222222222 0 0.710691823899 1 0.264882765515
0.675925925926 1 0.591194968553 0 0.204988637015
0.703703703704 0 0.641509433962 0 0.227733542369
0.277777777778 0 0.295597484277 1 0.155906030642
0.833333333333 0 0.761006289308 1 0.49970675403
0.638888888889 1 0.654088050314 0 0.1675553984
0.685185185185 0 0.698113207547 1 0.228473402662
0.25 1 0.188679245283 0 0.152951323062
0.351851851852 0 0.339622641509 0 0.041599272163
0.472222222222 1 0.446540880503 1 0.0157434507217
0.62037037037 1 0.654088050314 0 0.175787113366
0.416666666667 1 0.427672955975 0 0.0614235517933
0.666666666667 0 0.566037735849 0 0.20109762511
0.0648148148148 1 0.0566037735849 1 0.460766813361
0.611111111111 0 0.503144654088 0 0.13775744227
0.462962962963 0 0.490566037736 0 0.0393886851078
0.231481481481 1 0.201257861635 0 0.161743495217
0.324074074074 1 0.276729559748 0 0.0737853250155
0.333333333333 0 0.220125786164 1 0.211762405914
0.277777777778 0 0.213836477987 0 0.121428446327
0.842592592593 1 0.88679245283 1 0.604025635236
0.518518518519 0 0.553459119497 0 0.0941374000561
0.138888888889 1 0.132075471698 1 0.338002547619
0.703703703704 0 0.754716981132 0 0.299996544478
0.888888888889 0 0.955974842767 0 0.752868674561
0.768518518519 1 0.792452830189 0 0.347434227935
0.462962962963 0 0.452830188679 0 0.00809538754147
0.62962962963 0 0.584905660377 1 0.125189757834
0.564814814815 1 0.584905660377 1 0.109611509443
0.62037037037 1 0.62893081761 0 0.139021311101
0.509259259259 1 0.496855345912 1 0.0225551782883
0.712962962963 1 0.647798742138 1 0.254090177751
0.490740740741 1 0.396226415094 1 0.0670565252317
0.5 0 0.396226415094 1 0.0827010438989
0.62037037037 1 0.641509433962 0 0.155513142579
0.722222222222 0 0.716981132075 0 0.262066752155
0.324074074074 1 0.314465408805 0 0.061754903172
0.592592592593 0 0.51572327044 0 0.0736693520329
0.592592592593 0 0.490566037736 0 0.116901239775
0.175925925926 1 0.176100628931 0 0.264892232698
0.277777777778 0 0.201257861635 0 0.144303998796
0.657407407407 1 0.528301886792 0 0.232429264764
0.907407407407 0 0.924528301887 1 0.733910168748
0.277777777778 0 0.301886792453 0 0.162438386395
0.638888888889 1 0.62893081761 0 0.143788037363
0.111111111111 0 0.138364779874 0 0.475565439294
0.361111111111 1 0.283018867925 1 0.082819383677
0.287037037037 1 0.308176100629 1 0.15391792237
0.537037037037 0 0.522012578616 1 0.0294240024312
0.351851851852 0 0.345911949686 1 0.0547728562631
0.888888888889 0 0.918238993711 0 0.693287909793
0.75 1 0.660377358491 1 0.338291296677
0.481481481481 0 0.496855345912 1 0.0305155685445
0.712962962963 1 0.610062893082 1 0.287741277057
0.037037037037 0 0.0314465408805 1 0.487577400132
0.592592592593 0 0.584905660377 1 0.0985789286085
0.675925925926 1 0.528301886792 0 0.29360619646
0.694444444444 1 0.679245283019 0 0.217011958471
0.768518518519 1 0.830188679245 0 0.44166819325
0.787037037037 1 0.698113207547 1 0.415306824276
0.259259259259 0 0.182389937107 1 0.168393244029
0.296296296296 0 0.207547169811 1 0.16684062614
0.259259259259 0 0.194968553459 1 0.14437642274
0.805555555556 1 0.748427672956 1 0.427978647717
0.25 1 0.245283018868 1 0.168260703478
0.722222222222 0 0.591194968553 0 0.333978995163
0.537037037037 0 0.477987421384 0 0.0322835648296
0.444444444444 0 0.496855345912 1 0.10951683762
0.37962962963 1 0.308176100629 1 0.0426027934815
0.333333333333 0 0.295597484277 1 0.0552618362263
0.481481481481 0 0.503144654088 0 0.0306457423005
0.694444444444 1 0.540880503145 0 0.335025118801
0.657407407407 1 0.603773584906 0 0.161681011815
0.546296296296 1 0.566037735849 0 0.0974935161636
0.259259259259 0 0.232704402516 1 0.125582172538
0.537037037037 0 0.452830188679 0 0.0579064935876
0.657407407407 1 0.540880503145 0 0.213830985235
0.351851851852 0 0.364779874214 0 0.0885990984402
0.509259259259 1 0.471698113208 1 0.0225134327482
0.0277777777778 1 0.0251572327044 0 0.504431540675
0.37037037037 0 0.333333333333 1 0.0214862434742
0.833333333333 0 0.836477987421 1 0.525627899029
0.675925925926 1 0.698113207547 1 0.231070724112
0.472222222222 1 0.51572327044 0 0.0601786173275
0.462962962963 0 0.528301886792 0 0.117658614355
0.777777777778 0 0.836477987421 1 0.461795422712
0.453703703704 1 0.415094339623 0 0.0100309529524
0.675925925926 1 0.616352201258 0 0.189041168515
0.648148148148 0 0.566037735849 0 0.158509505761
0.583333333333 1 0.490566037736 0 0.102856674908
0.166666666667 0 0.125786163522 0 0.269537779027
0.259259259259 0 0.264150943396 0 0.153870586459
0.296296296296 0 0.201257861635 0 0.176591823857
0.351851851852 0 0.327044025157 0 0.0270501064821
0.685185185185 0 0.553459119497 0 0.272910936063
0.361111111111 1 0.352201257862 0 0.0494617670212
0.25 1 0.251572327044 0 0.173230974159
0.527777777778 1 0.540880503145 0 0.0637572122178
0.259259259259 0 0.213836477987 0 0.117913754916
0.444444444444 0 0.452830188679 0 0.0363639203791
0.351851851852 0 0.245283018868 1 0.160242000113
0.0462962962963 1 0.0314465408805 1 0.490905588052
0.638888888889 1 0.553459119497 0 0.155958100145
0.537037037037 0 0.503144654088 0 0.0193466602858
0.611111111111 0 0.522012578616 1 0.113327378476
0.796296296296 0 0.685534591195 1 0.457861808487
0.648148148148 0 0.572327044025 1 0.160052656468
0.416666666667 1 0.408805031447 1 0.042015828182
0.240740740741 0 0.201257861635 0 0.139653718875
0.518518518519 0 0.540880503145 0 0.0654802393872
0.787037037037 1 0.779874213836 0 0.372893847799
0.75 1 0.798742138365 1 0.354577216942
0.824074074074 1 0.823899371069 1 0.498958846632
0.194444444444 1 0.213836477987 0 0.293842876016
0.62037037037 1 0.559748427673 1 0.124522321486
0.907407407407 0 0.937106918239 1 0.7469280177
0.87037037037 0 0.955974842767 0 0.743415693085
0.546296296296 1 0.559748427673 1 0.0905304036191
0.62037037037 1 0.51572327044 0 0.141856732184
0.351851851852 0 0.358490566038 1 0.0782893369706
0.648148148148 0 0.610062893082 1 0.147035280875
0.0462962962963 1 0.0503144654088 0 0.512261184411
0.657407407407 1 0.591194968553 0 0.166689151225
0.62962962963 0 0.540880503145 0 0.137482893985
0.12037037037 1 0.062893081761 0 0.465908913399
0.75 1 0.716981132075 0 0.300588243369
0.194444444444 1 0.176100628931 0 0.213504367448
0.212962962963 1 0.169811320755 1 0.200867572581
0.222222222222 0 0.194968553459 1 0.17300612858
0.305555555556 1 0.238993710692 0 0.112480065664
0.787037037037 1 0.74213836478 0 0.376287832635
0.546296296296 1 0.534591194969 1 0.0515966166184
0.444444444444 0 0.408805031447 1 0.0123395253439
0.444444444444 0 0.427672955975 0 0.0139030304924
0.777777777778 0 0.842767295597 0 0.473427276183
0.657407407407 1 0.62893081761 0 0.160102359174
0.490740740741 1 0.490566037736 0 0.0199364657399
0.712962962963 1 0.723270440252 1 0.26897637512
0.37037037037 0 0.383647798742 1 0.0861328974643
0.657407407407 1 0.666666666667 0 0.185874396053
0.444444444444 0 0.314465408805 0 0.113729733721
0.722222222222 0 0.666666666667 0 0.257148077618
0.759259259259 0 0.754716981132 0 0.311101549257
0.851851851852 0 0.930817610063 0 0.683393757624
0.268518518519 1 0.207547169811 1 0.136602446036
0.814814814815 0 0.735849056604 1 0.461506673653
0.240740740741 0 0.251572327044 0 0.199218389433
0.425925925926 0 0.314465408805 0 0.0730208500488
0.101851851852 1 0.0503144654088 0 0.495053633954
0.407407407407 0 0.345911949686 1 0.0191194479118
0.601851851852 1 0.584905660377 1 0.104985844196
0.518518518519 0 0.471698113208 1 0.0235368351494
0.12962962963 0 0.106918238994 1 0.325231271428
0.101851851852 1 0.0566037735849 1 0.466278133507
0.777777777778 0 0.74213836478 0 0.349017614166
0.574074074074 0 0.522012578616 1 0.052061928626
0.675925925926 1 0.62893081761 0 0.185836527324
0.574074074074 0 0.559748427673 1 0.0808194414268
0.675925925926 1 0.603773584906 0 0.195810203824
0.222222222222 0 0.14465408805 1 0.270279059398
0.175925925926 1 0.188679245283 0 0.290340018584
0.592592592593 0 0.503144654088 0 0.0941800023763
0.638888888889 1 0.610062893082 1 0.140881612413
0.444444444444 0 0.327044025157 0 0.0823933604757
0.796296296296 0 0.798742138365 1 0.406890499257
0.851851851852 0 0.918238993711 0 0.657803490645
0.481481481481 0 0.339622641509 0 0.158320162116
0.518518518519 0 0.509433962264 1 0.0186262077166
0.824074074074 1 0.77358490566 1 0.468323044873
0.407407407407 0 0.446540880503 1 0.119410043071
0.546296296296 1 0.51572327044 0 0.0266747327059
0.509259259259 1 0.459119496855 1 0.0271002825481
0.509259259259 1 0.51572327044 0 0.0241910174428
0.351851851852 0 0.264150943396 0 0.101053176689
0.851851851852 0 0.85534591195 0 0.572201702105
0.675925925926 1 0.666666666667 0 0.195449030821
0.398148148148 1 0.396226415094 1 0.0562402695117
0.314814814815 0 0.25786163522 1 0.0922439636063
0.305555555556 1 0.301886792453 0 0.0905209364369
0.277777777778 0 0.182389937107 1 0.210152984932
0.287037037037 1 0.213836477987 0 0.137268935666
0.416666666667 1 0.440251572327 0 0.0825827041207
0.638888888889 1 0.578616352201 0 0.140857944457
0.796296296296 0 0.805031446541 0 0.413413387826
0.657407407407 1 0.51572327044 0 0.252045266385
0.703703703704 0 0.635220125786 1 0.235288353804
0.731481481481 1 0.591194968553 0 0.373177863266
0.472222222222 1 0.465408805031 0 0.0160970499787
0.546296296296 1 0.490566037736 0 0.0401365925055
0.62962962963 0 0.509433962264 1 0.179469847261
0.685185185185 0 0.578616352201 0 0.235562902089
0.287037037037 1 0.276729559748 0 0.109779078569
0.25 1 0.207547169811 1 0.142041342238
0.703703703704 0 0.654088050314 0 0.223885132784
0.796296296296 0 0.77358490566 1 0.391596266333
0.555555555556 0 0.534591194969 1 0.0483725677034
0.666666666667 0 0.540880503145 0 0.234559380771
0.342592592593 1 0.320754716981 1 0.0428252722643
0.231481481481 1 0.14465408805 1 0.295073609709
0.87037037037 0 0.905660377358 0 0.65238731568
0.814814814815 0 0.811320754717 1 0.461729152436
0.333333333333 0 0.264150943396 0 0.0827261319318
0.175925925926 1 0.11320754717 0 0.316468494874
0.592592592593 0 0.616352201258 0 0.129554128851
0.75 1 0.666666666667 0 0.327621782282
0.0833333333333 1 0.0503144654088 0 0.443101051283
0.805555555556 1 0.85534591195 0 0.520883894004
0.342592592593 1 0.352201257862 0 0.0901185811913
0.842592592593 1 0.767295597484 0 0.526924902997
0.777777777778 0 0.704402515723 0 0.370082094671
0.333333333333 0 0.308176100629 1 0.0481680765668
0.342592592593 1 0.283018867925 1 0.0732187141578
0.555555555556 0 0.490566037736 0 0.045622824619
0.907407407407 0 0.981132075472 0 0.81889753716
0.240740740741 0 0.232704402516 1 0.170911514508
0.759259259259 0 0.805031446541 0 0.364144751323
0.685185185185 0 0.679245283019 0 0.205478563696
0.444444444444 0 0.415094339623 0 0.00774036820712
0.537037037037 0 0.433962264151 1 0.0931386123288
0.0740740740741 0 0.100628930818 0 0.524132084233
0.361111111111 1 0.276729559748 0 0.0914818554352
0.231481481481 1 0.251572327044 0 0.241347350443
0.25 1 0.182389937107 1 0.168594895011
0.851851851852 0 0.861635220126 1 0.581602614078
0.277777777778 0 0.194968553459 1 0.167148309564
0.805555555556 1 0.704402515723 0 0.465861577488
0.712962962963 1 0.735849056604 1 0.279882095712
0.416666666667 1 0.396226415094 1 0.0314125840627
0.555555555556 0 0.559748427673 1 0.0817737333975
0.583333333333 1 0.547169811321 1 0.0798040861305
0.111111111111 0 0.125786163522 0 0.429341921961
0.675925925926 1 0.647798742138 1 0.190697925409
0.666666666667 0 0.647798742138 1 0.175958469365
0.490740740741 1 0.528301886792 0 0.0717285796718
0.833333333333 0 0.805031446541 0 0.492435958062
0.296296296296 0 0.251572327044 0 0.0902705294664
0.777777777778 0 0.754716981132 0 0.347076841805
0.342592592593 1 0.251572327044 0 0.127007456826
0.666666666667 0 0.641509433962 0 0.16950753138
0.444444444444 0 0.396226415094 1 0.0113539916717
0.601851851852 1 0.635220125786 1 0.160450278122
0.796296296296 0 0.716981132075 0 0.41489973544
0.657407407407 1 0.578616352201 0 0.174504310171
0.75 1 0.679245283019 0 0.317406692635
0.740740740741 0 0.767295597484 0 0.304418191948
0.564814814815 1 0.534591194969 1 0.057731350716
0.583333333333 1 0.553459119497 0 0.0804568483466
0.75 1 0.641509433962 0 0.3553464255
0.842592592593 1 0.77358490566 1 0.526120192506
0.175925925926 1 0.106918238994 1 0.351374942546
0.12962962963 0 0.062893081761 0 0.484772274031
0.694444444444 1 0.591194968553 0 0.252158872572
0.527777777778 1 0.522012578616 1 0.0347213642588
0.768518518519 1 0.666666666667 0 0.386242574771
0.361111111111 1 0.289308176101 0 0.0653903011558
0.0925925925926 0 0.0817610062893 1 0.409465336149
0.574074074074 0 0.496855345912 1 0.0743983250661
0.37037037037 0 0.396226415094 1 0.110226876289
0.240740740741 0 0.238993710692 0 0.174603715585
0.398148148148 1 0.327044025157 0 0.0266931937113
0.388888888889 0 0.339622641509 0 0.013564578727
0.481481481481 0 0.452830188679 0 0.00535653171672
0.583333333333 1 0.51572327044 0 0.0646518609403
0.833333333333 0 0.874213836478 1 0.573912895296
0.240740740741 0 0.150943396226 0 0.270648279505
0.546296296296 1 0.509433962264 1 0.0329510011782
0.314814814815 0 0.301886792453 0 0.0665642317547
0.925925925926 0 0.918238993711 0 0.765876582972
0.37962962963 1 0.389937106918 0 0.0773284179723
0.185185185185 0 0.201257861635 0 0.279973454021
0.722222222222 0 0.660377358491 1 0.264532479772
0.537037037037 0 0.446540880503 1 0.0727510353547
0.203703703704 0 0.176100628931 0 0.190429530792
0.722222222222 0 0.578616352201 0 0.356676564606
0.694444444444 1 0.704402515723 0 0.238764229767
0.583333333333 1 0.509433962264 1 0.0758988734526
0.0833333333333 1 0.0440251572327 1 0.484417254697
0.407407407407 0 0.314465408805 0 0.0430193495004
0.555555555556 0 0.603773584906 0 0.147338230707
0.537037037037 0 0.553459119497 0 0.0756243251674
0.537037037037 0 0.471698113208 1 0.0437057202135
0.268518518519 1 0.238993710692 0 0.115202827279
0.259259259259 0 0.276729559748 0 0.178532596219
0.268518518519 1 0.201257861635 0 0.140457482648
0.0925925925926 0 0.062893081761 0 0.400528877983
0.861111111111 1 0.842767295597 0 0.587988228506
0.175925925926 1 0.157232704403 1 0.264352603309
0.407407407407 0 0.364779874214 0 0.0121089994561
0.564814814815 1 0.603773584906 0 0.138628423037
0.759259259259 0 0.779874213836 0 0.321272143148
0.62037037037 1 0.572327044025 1 0.12054137135
0.148148148148 0 0.14465408805 1 0.324232531037
0.444444444444 0 0.477987421384 0 0.070748726309
0.824074074074 1 0.811320754717 1 0.485174629277
0.185185185185 0 0.125786163522 0 0.268914507084
0.592592592593 0 0.59748427673 1 0.109287258451
0.703703703704 0 0.729559748428 0 0.264018885135
0.592592592593 0 0.522012578616 1 0.0771248735539
0.490740740741 1 0.540880503145 0 0.10800208846
0.62037037037 1 0.59748427673 1 0.121223008472
0.703703703704 0 0.735849056604 1 0.275795586494
0.814814814815 0 0.767295597484 0 0.436044686994
0.564814814815 1 0.578616352201 0 0.0992686128353
0.824074074074 1 0.805031446541 0 0.475077879408
0.324074074074 1 0.308176100629 1 0.0655938455742
0.574074074074 0 0.465408805031 0 0.117606544852
0.398148148148 1 0.433962264151 1 0.121445487255
0.611111111111 0 0.553459119497 0 0.100627153488
0.62962962963 0 0.578616352201 0 0.121170938969
0.287037037037 1 0.251572327044 0 0.10184747328
0.777777777778 0 0.660377358491 1 0.427164470044
0.361111111111 1 0.377358490566 0 0.10155967094
0.814814814815 0 0.729559748428 0 0.462519662154
0.685185185185 0 0.716981132075 0 0.250828733466
0.490740740741 1 0.352201257862 0 0.161160316791
0.12037037037 1 0.0880503144654 0 0.352460544335
0.861111111111 1 0.861635220126 1 0.60067425272
0.388888888889 0 0.408805031447 1 0.0885943648491
0.101851851852 1 0.062893081761 0 0.423523391751
0.888888888889 0 0.974842767296 1 0.796682794012
0.00925925925926 1 0.0 0 0.468365507552
0.462962962963 0 0.396226415094 1 0.0157301966665
0.814814814815 0 0.88679245283 1 0.588002429279
0.555555555556 0 0.48427672956 1 0.0571633197811
0.0555555555556 0 0.0503144654088 0 0.448157440188
0.796296296296 0 0.735849056604 1 0.404703580157
0.12037037037 1 0.0943396226415 1 0.354099408254
0.777777777778 0 0.811320754717 1 0.402369919732
0.546296296296 1 0.48427672956 1 0.0488937360862
0.175925925926 1 0.119496855346 1 0.29753176358
0.740740740741 0 0.704402515723 0 0.282335515992
0.444444444444 0 0.383647798742 1 0.0149018182197
0.722222222222 0 0.62893081761 0 0.282397052677
0.731481481481 1 0.660377358491 1 0.290344752175
0.259259259259 0 0.245283018868 1 0.1321306225
0.166666666667 0 0.132075471698 1 0.276508465318
0.268518518519 1 0.25786163522 1 0.135759393457
0.759259259259 0 0.74213836478 0 0.3096388696
0.851851851852 0 0.849056603774 1 0.571240783106
0.231481481481 1 0.163522012579 0 0.205507911961
0.12037037037 1 0.14465408805 1 0.461222658186
0.731481481481 1 0.74213836478 0 0.286453266912
0.351851851852 0 0.270440251572 1 0.0952781955172
0.305555555556 1 0.314465408805 0 0.103079153691
0.5 0 0.496855345912 1 0.0189935343879
0.759259259259 0 0.679245283019 0 0.337216771492
0.796296296296 0 0.704402515723 0 0.428035450811
0.37037037037 0 0.377358490566 0 0.0712694213327
0.0648148148148 1 0.0754716981132 0 0.508946723905
0.12037037037 1 0.0817610062893 1 0.376063886439
0.277777777778 0 0.283018867925 1 0.138155063925
0.259259259259 0 0.163522012579 0 0.248258393485
0.185185185185 0 0.14465408805 1 0.252051893413
0.324074074074 1 0.295597484277 1 0.0670257568894
0.194444444444 1 0.138364779874 0 0.262563779223
0.25 1 0.238993710692 0 0.153775914636
0.712962962963 1 0.748427672956 1 0.294505578774
0.527777777778 1 0.509433962264 1 0.02428852942
0.777777777778 0 0.823899371069 1 0.4313049422
0.787037037037 1 0.823899371069 1 0.444546216654
0.5 0 0.433962264151 1 0.0303285916951
0.231481481481 1 0.182389937107 1 0.170885953116
0.638888888889 1 0.622641509434 1 0.143609580978
0.75 1 0.811320754717 1 0.390095717946
0.564814814815 1 0.48427672956 1 0.0791271825997
0.833333333333 0 0.754716981132 0 0.500336321649
0.416666666667 1 0.415094339623 0 0.0440181372278
0.805555555556 1 0.823899371069 1 0.467276921234
0.388888888889 0 0.301886792453 0 0.0543847017909
0.925925925926 0 0.981132075472 0 0.838518272372
0.259259259259 0 0.270440251572 1 0.172568271401
0.5 0 0.503144654088 0 0.016717150416
0.759259259259 0 0.685534591195 1 0.33800728121
0.148148148148 0 0.132075471698 1 0.306546130502
0.0648148148148 1 0.0503144654088 0 0.434342667502
0.722222222222 0 0.635220125786 1 0.281137917438
0.648148148148 0 0.591194968553 0 0.145004570282
0.25 1 0.176100628931 0 0.178117933636
0.685185185185 0 0.566037735849 0 0.252878378423
0.388888888889 0 0.383647798742 1 0.0511516590527
0.398148148148 1 0.339622641509 0 0.0209986835883
0.814814814815 0 0.867924528302 0 0.545902343175
0.796296296296 0 0.761006289308 1 0.393006876488
0.509259259259 1 0.578616352201 0 0.187621091178
0.490740740741 1 0.503144654088 0 0.0273085605575
0.981481481481 0 0.968553459119 0 0.938368643556
0.444444444444 0 0.490566037736 0 0.0914818554352
0.259259259259 0 0.188679245283 0 0.148769195304
0.0277777777778 1 0.0440251572327 1 0.590312421748
0.462962962963 0 0.358490566038 1 0.0618969109058
0.277777777778 0 0.251572327044 0 0.104572128331
0.00925925925926 1 0.0251572327044 0 0.589550313577
0.175925925926 1 0.14465408805 1 0.268084755896
0.564814814815 1 0.591194968553 0 0.116853903864
0.583333333333 1 0.578616352201 0 0.0938746857487
0.462962962963 0 0.51572327044 0 0.0714871665244
0.185185185185 0 0.11320754717 0 0.329444214865
0.712962962963 1 0.729559748428 0 0.270393612303
0.472222222222 1 0.48427672956 1 0.0333580900149
0.37962962963 1 0.364779874214 0 0.0441601449615
0.87037037037 0 0.924528301887 1 0.684538339958
0.675925925926 1 0.572327044025 1 0.228978476835
0.0925925925926 0 0.11320754717 0 0.487068065727
0.722222222222 0 0.616352201258 0 0.29692917743
0.703703703704 0 0.622641509434 1 0.244021829429
0.731481481481 1 0.754716981132 0 0.296138667712
0.740740740741 0 0.654088050314 0 0.30913710894
0.833333333333 0 0.849056603774 1 0.539468919477
0.888888888889 0 0.937106918239 1 0.722633807971
0.435185185185 1 0.383647798742 1 0.0191904517787
0.537037037037 0 0.465408805031 0 0.0434643070662
0.583333333333 1 0.540880503145 0 0.0719936607748
0.601851851852 1 0.616352201258 0 0.128067781238
0.888888888889 0 0.861635220126 1 0.657714025773
0.75 1 0.723270440252 1 0.303702946329
0.527777777778 1 0.427672955975 0 0.084717553718
0.435185185185 1 0.389937106918 0 0.0138855162052
0.388888888889 0 0.320754716981 1 0.0229725910873
0.759259259259 0 0.767295597484 0 0.315003448421
0.342592592593 1 0.295597484277 1 0.0563586092899
0.712962962963 1 0.704402515723 0 0.251841721967
0.888888888889 0 0.911949685535 1 0.688072439092
0.87962962963 1 0.918238993711 0 0.684439881263
0.666666666667 0 0.584905660377 1 0.18943879017
0.518518518519 0 0.364779874214 0 0.216353989305
0.703703703704 0 0.578616352201 0 0.291897370064
0.75 1 0.792452830189 0 0.334296145768
0.675925925926 1 0.622641509434 1 0.190887269054
0.453703703704 1 0.37106918239 1 0.0356917504394
0.203703703704 0 0.188679245283 0 0.199715416502
0.416666666667 1 0.333333333333 1 0.0401460596877
0.148148148148 0 0.106918238994 1 0.30801529518
0.12037037037 1 0.119496855346 1 0.381508983646
0.712962962963 1 0.767295597484 0 0.318362878042
0.675925925926 1 0.578616352201 0 0.216803680462
0.962962962963 0 0.955974842767 0 0.879937194713
0.194444444444 1 0.207547169811 1 0.271879013198
0.694444444444 1 0.616352201258 0 0.22769567364
0.805555555556 1 0.77358490566 1 0.418023905582
0.231481481481 1 0.169811320755 1 0.19384387007
0.0462962962963 1 0.0251572327044 0 0.492633348812
0.814814814815 0 0.880503144654 0 0.570861149098
0.203703703704 0 0.157232704403 1 0.221170891633
0.925925925926 0 0.987421383648 1 0.853206605632
0.351851851852 0 0.314465408805 0 0.0176771226961
0.712962962963 1 0.754716981132 0 0.300053347572
0.518518518519 0 0.433962264151 1 0.0567467637621
0.0185185185185 0 0.0125786163522 0 0.445341060447
0.777777777778 0 0.672955974843 1 0.409938931941
0.333333333333 0 0.238993710692 0 0.138810666296
0.231481481481 1 0.150943396226 0 0.255803737738
0.462962962963 0 0.433962264151 1 0.0075155226287
0.731481481481 1 0.710691823899 1 0.278709585191
0.444444444444 0 0.339622641509 0 0.0566994278508
0.518518518519 0 0.522012578616 1 0.0319157647992
0.37962962963 1 0.383647798742 1 0.0724528191139
0.740740740741 0 0.622641509434 1 0.353760672473
0.0833333333333 1 0.0880503144654 0 0.44962535993
0.490740740741 1 0.509433962264 1 0.0359000284489
0.472222222222 1 0.490566037736 0 0.0332681517835
0.824074074074 1 0.817610062893 0 0.488630150798
0.722222222222 0 0.641509433962 0 0.270856557515
0.342592592593 1 0.333333333333 1 0.0581952426462
0.0555555555556 0 0.0566037735849 1 0.480597720018
0.425925925926 0 0.345911949686 1 0.0294812788838
0.898148148148 1 0.955974842767 0 0.764501948109
0.87037037037 0 0.949685534591 1 0.732580503001
0.444444444444 0 0.40251572327 0 0.00509145061373
0.592592592593 0 0.553459119497 0 0.0801960274757
0.731481481481 1 0.716981132075 0 0.275788959467
0.592592592593 0 0.547169811321 1 0.0826537079876
0.25 1 0.220125786164 1 0.143068531512
0.925925925926 0 0.962264150943 1 0.809472957231
0.148148148148 0 0.138364779874 0 0.306713510284
0.694444444444 1 0.603773584906 0 0.238601867591
0.12037037037 1 0.106918238994 1 0.358730943154
0.425925925926 0 0.339622641509 0 0.030437464291
0.833333333333 0 0.830188679245 0 0.515294469603
0.657407407407 1 0.660377358491 1 0.181148378674
0.407407407407 0 0.377358490566 0 0.0168851929009
0.37962962963 1 0.289308176101 0 0.0827247118545
0.37962962963 1 0.327044025157 0 0.0210540666045
0.37962962963 1 0.396226415094 1 0.0920025504589
0.453703703704 1 0.427672955975 0 0.0128332388982
0.555555555556 0 0.553459119497 0 0.0674191183118
0.342592592593 1 0.264150943396 0 0.0987100490826
0.0555555555556 0 0.0754716981132 0 0.551870928224
0.0833333333333 1 0.11320754717 0 0.551870928224
0.675925925926 1 0.660377358491 1 0.19478301455
0.740740740741 0 0.641509433962 0 0.322263357129
0.537037037037 0 0.584905660377 1 0.142746647316
0.231481481481 1 0.22641509434 0 0.189798543095
0.648148148148 0 0.534591194969 1 0.194801948914
0.231481481481 1 0.188679245283 0 0.160684117524
0.212962962963 1 0.220125786164 1 0.243524802361
0.138888888889 1 0.138364779874 0 0.343971606027
0.666666666667 0 0.654088050314 0 0.175514931877
0.703703703704 0 0.679245283019 0 0.224372219311
0.194444444444 1 0.194968553459 1 0.242814763692
0.138888888889 1 0.163522012579 0 0.408869140347
0.0555555555556 0 0.0377358490566 0 0.433862501485
0.296296296296 0 0.270440251572 1 0.0937236841918
0.759259259259 0 0.62893081761 0 0.401551008468
0.240740740741 0 0.220125786164 1 0.154954578826
0.527777777778 1 0.446540880503 1 0.0616602313495
0.601851851852 1 0.477987421384 0 0.175692441544
0.805555555556 1 0.716981132075 0 0.450903429534
0.296296296296 0 0.289308176101 0 0.0936971760815
0.472222222222 1 0.528301886792 0 0.103883864182
0.583333333333 1 0.471698113208 1 0.141563249535
0.537037037037 0 0.51572327044 0 0.0169121743703
0.592592592593 0 0.578616352201 0 0.0904773873985
0.601851851852 1 0.559748427673 1 0.101753748176
0.453703703704 1 0.389937106918 0 0.0154319804257
0.231481481481 1 0.220125786164 1 0.182130125473
0.555555555556 0 0.471698113208 1 0.0730965875068
0.527777777778 1 0.566037735849 0 0.117421934799
0.537037037037 0 0.540880503145 0 0.0531066321872
0.555555555556 0 0.522012578616 1 0.0362058184355
0.222222222222 0 0.188679245283 0 0.164367324778
0.490740740741 1 0.452830188679 0 0.0133473068943
0.166666666667 0 0.163522012579 0 0.279201405309
0.435185185185 1 0.408805031447 1 0.0238199038986
0.611111111111 0 0.534591194969 1 0.108385509342
0.62037037037 1 0.540880503145 0 0.126089140148
0.574074074074 0 0.471698113208 1 0.111836297271
0.592592592593 0 0.540880503145 0 0.0752030355573
0.768518518519 1 0.748427672956 1 0.335720956697
0.509259259259 1 0.452830188679 0 0.0256376028905
0.453703703704 1 0.433962264151 1 0.0209513476771
0.268518518519 1 0.176100628931 0 0.209916305375
0.555555555556 0 0.547169811321 1 0.0639233612663
0.185185185185 0 0.188679245283 0 0.246549567089
0.472222222222 1 0.440251572327 0 0.00975593130802
0.268518518519 1 0.245283018868 1 0.123495132212
0.157407407407 1 0.176100628931 0 0.346953768436
0.166666666667 0 0.176100628931 0 0.293180173259
0.222222222222 0 0.169811320755 1 0.190324918428
0.231481481481 1 0.176100628931 0 0.174992343416
0.435185185185 1 0.314465408805 0 0.0986295780335
0.805555555556 1 0.74213836478 0 0.427661497112
0.148148148148 0 0.150943396226 0 0.325605272463
0.768518518519 1 0.716981132075 0 0.340667559422
0.833333333333 0 0.767295597484 0 0.491096351774
0.62037037037 1 0.635220125786 1 0.149515682624
0.574074074074 0 0.547169811321 1 0.0687042883022
0.194444444444 1 0.11320754717 0 0.36679698243
0.0 0 0.0062893081761 1 0.472068816474
0.62962962963 0 0.622641509434 1 0.134241804142
0.564814814815 1 0.528301886792 0 0.0491446164158
0.462962962963 0 0.345911949686 1 0.0870796156892
0.25 1 0.25786163522 1 0.190792597232
0.231481481481 1 0.207547169811 1 0.169207421703
0.907407407407 0 0.974842767296 1 0.809241011265
0.314814814815 0 0.220125786164 1 0.167361321164
0.694444444444 1 0.610062893082 1 0.237323797987
0.268518518519 1 0.276729559748 0 0.154642161812
0.342592592593 1 0.276729559748 0 0.0766893831705
0.342592592593 1 0.232704402516 1 0.188108651064
0.37037037037 0 0.358490566038 1 0.0412272119006
0.768518518519 1 0.660377358491 1 0.399780645387
0.12037037037 1 0.11320754717 0 0.363076379806
0.398148148148 1 0.389937106918 0 0.0443352878331
0.037037037037 0 0.0377358490566 0 0.493537464717
0.805555555556 1 0.767295597484 0 0.416021596536
0.203703703704 0 0.182389937107 1 0.198471428754
0.453703703704 1 0.383647798742 1 0.0245252089762
0.768518518519 1 0.704402515723 0 0.348544255053
0.833333333333 0 0.911949685535 1 0.643371244665
0.398148148148 1 0.320754716981 1 0.0355118739767
0.453703703704 1 0.509433962264 1 0.103031817779
0.768518518519 1 0.698113207547 1 0.358172379401
0.546296296296 1 0.584905660377 1 0.131812051818
0.712962962963 1 0.622641509434 1 0.273578372411
0.574074074074 0 0.528301886792 0 0.0504321532017
0.305555555556 1 0.232704402516 1 0.129303248522
0.731481481481 1 0.691823899371 0 0.274899044335
0.472222222222 1 0.496855345912 1 0.0443258206509
0.148148148148 0 0.0817610062893 1 0.418904353531
0.277777777778 0 0.207547169811 1 0.139371596844
0.398148148148 1 0.377358490566 0 0.0334148931084
0.87962962963 1 0.924528301887 1 0.696433381095
0.0925925925926 0 0.0503144654088 0 0.459031810206
0.685185185185 0 0.59748427673 1 0.221239055346
0.546296296296 1 0.446540880503 1 0.0969254852286
0.296296296296 0 0.232704402516 1 0.116235696863
0.555555555556 0 0.509433962264 1 0.0353035959672
0.101851851852 1 0.132075471698 1 0.524084748322
0.87037037037 0 0.937106918239 1 0.707255790484
0.796296296296 0 0.767295597484 0 0.388192814314
0.361111111111 1 0.37106918239 1 0.0908333534511
0.675925925926 1 0.641509433962 0 0.18577972423
0.675925925926 1 0.566037735849 0 0.23249553504
0.722222222222 0 0.754716981132 0 0.292290258127
0.444444444444 0 0.421383647799 1 0.0168780925143
0.648148148148 0 0.641509433962 0 0.153348471358
0.185185185185 0 0.100628930818 0 0.403378174642
0.138888888889 1 0.169811320755 1 0.438312077142
0.722222222222 0 0.566037735849 0 0.381603655468
0.12962962963 0 0.100628930818 0 0.318207010354
0.851851851852 0 0.88679245283 1 0.608626685809
0.842592592593 1 0.867924528302 0 0.575387408932
0.759259259259 0 0.704402515723 0 0.319271727538
0.324074074074 1 0.345911949686 1 0.127977843007
0.361111111111 1 0.264150943396 0 0.121350815432
0.388888888889 0 0.389937106918 0 0.0536131264375
0.435185185185 1 0.446540880503 1 0.0572106556923
0.101851851852 1 0.125786163522 0 0.493742429213
0.768518518519 1 0.647798742138 1 0.41885701762
0.75 1 0.710691823899 1 0.306860251609
0.472222222222 1 0.415094339623 0 0.0142533162356
0.787037037037 1 0.704402515723 0 0.403851533755
0.768518518519 1 0.691823899371 0 0.358726209563
0.694444444444 1 0.723270440252 1 0.265488665179
0.509259259259 1 0.389937106918 0 0.11936270716
0.75 1 0.704402515723 0 0.304540791958
0.777777777778 0 0.679245283019 0 0.395657687518
0.851851851852 0 0.830188679245 0 0.555582063666
0.388888888889 0 0.37106918239 1 0.0385555730698
0.185185185185 0 0.176100628931 0 0.224571503497
0.398148148148 1 0.295597484277 1 0.0967834774949
0.444444444444 0 0.433962264151 1 0.0247618885324
0.185185185185 0 0.163522012579 0 0.229678574962
0.777777777778 0 0.748427672956 1 0.35193823989
0.277777777778 0 0.276729559748 0 0.122818228681
0.935185185185 1 0.968553459119 0 0.835474573279
0.805555555556 1 0.849056603774 1 0.511251982783
0.259259259259 0 0.251572327044 0 0.133450821065
0.62037037037 1 0.509433962264 1 0.15921954443
0.731481481481 1 0.698113207547 1 0.278217291714
0.481481481481 0 0.433962264151 1 0.0146982738013
0.0277777777778 1 0.0503144654088 0 0.6269788186
0.342592592593 1 0.37106918239 1 0.144048384875
0.814814814815 0 0.77358490566 1 0.437819783665
0.583333333333 1 0.48427672956 1 0.116759232041
0.768518518519 1 0.710691823899 1 0.34861525892
0.75 1 0.672955974843 1 0.328066739848
0.175925925926 1 0.100628930818 0 0.380993022213
0.62962962963 0 0.641509433962 0 0.14930456446
0.222222222222 0 0.157232704403 1 0.219286449007
0.731481481481 1 0.748427672956 1 0.293832935475
0.462962962963 0 0.446540880503 1 0.0116067654378
0.981481481481 0 1.0 1 0.967906252174
0.0555555555556 0 0.0817610062893 1 0.587325525748
0.842592592593 1 0.880503144654 0 0.592086098342
0.481481481481 0 0.440251572327 0 0.00635295264847
0.148148148148 0 0.119496855346 1 0.297315627809
0.37962962963 1 0.276729559748 0 0.116001857461
0.601851851852 1 0.603773584906 0 0.114495628765
0.62962962963 0 0.610062893082 1 0.12841333339
0.481481481481 0 0.408805031447 1 0.0310480975461
0.638888888889 1 0.666666666667 0 0.186201013841
0.833333333333 0 0.905660377358 0 0.626112571424
0.777777777778 0 0.685534591195 1 0.394289679683
0.805555555556 1 0.874213836478 1 0.563420890568
0.861111111111 1 0.85534591195 0 0.593763209678
0.37037037037 0 0.25786163522 1 0.156994756601
0.546296296296 1 0.459119496855 1 0.077849112996
0.481481481481 0 0.48427672956 1 0.0220249261441
0.731481481481 1 0.672955974843 1 0.283736658965
0.111111111111 0 0.11320754717 0 0.391681470973
0.796296296296 0 0.85534591195 0 0.511368429125
0.768518518519 1 0.786163522013 1 0.344539636962
0.814814814815 0 0.786163522013 1 0.435557127108
0.37037037037 0 0.251572327044 0 0.171053522241
0.212962962963 1 0.182389937107 1 0.190360420362
0.212962962963 1 0.207547169811 1 0.215738622459
0.740740740741 0 0.616352201258 0 0.356624495103
0.240740740741 0 0.157232704403 1 0.243467999267
0.453703703704 1 0.471698113208 1 0.0510096513189
0.453703703704 1 0.408805031447 1 0.0145988683877
0.648148148148 0 0.622641509434 1 0.148095605287
0.407407407407 0 0.383647798742 1 0.0271144833214
0.388888888889 0 0.314465408805 0 0.0229631239051
0.509259259259 1 0.364779874214 0 0.189135840338
0.740740740741 0 0.779874213836 0 0.316989189898
0.740740740741 0 0.603773584906 0 0.378105531627
0.0462962962963 1 0.0566037735849 1 0.54587820186
0.842592592593 1 0.911949685535 1 0.648530858991
0.435185185185 1 0.345911949686 1 0.0444536276112
0.37037037037 0 0.389937106918 0 0.0942746741988
0.685185185185 0 0.660377358491 1 0.200477524673
0.0740740740741 0 0.0440251572327 1 0.447379744301
0.731481481481 1 0.723270440252 1 0.28114738462
0.166666666667 0 0.11320754717 0 0.290758752055
0.611111111111 0 0.635220125786 1 0.15013104947
0.787037037037 1 0.842767295597 0 0.483077648409
0.157407407407 1 0.163522012579 0 0.319451604001
0.611111111111 0 0.540880503145 0 0.101924157456
0.814814814815 0 0.817610062893 0 0.465345616056
0.361111111111 1 0.333333333333 1 0.0323924374255
0.601851851852 1 0.540880503145 0 0.0947953692225
0.685185185185 0 0.723270440252 1 0.265914688381
0.37037037037 0 0.289308176101 0 0.065589111983
0.462962962963 0 0.408805031447 1 0.00766889098114
0.462962962963 0 0.383647798742 1 0.0270340122723
0.694444444444 1 0.698113207547 1 0.235382078908
0.824074074074 1 0.861635220126 1 0.548936101727
0.62962962963 0 0.59748427673 1 0.125355433524
0.324074074074 1 0.301886792453 0 0.0598662003133
0.685185185185 0 0.622641509434 1 0.203208806752
0.231481481481 1 0.194968553459 1 0.164475250655
0.703703703704 0 0.666666666667 0 0.222701735003
0.296296296296 0 0.295597484277 1 0.104925254229
0.527777777778 1 0.496855345912 1 0.0265843211155
0.787037037037 1 0.811320754717 1 0.417862963484
0.574074074074 0 0.48427672956 1 0.0912451758789
0.740740740741 0 0.698113207547 1 0.289047748207
0.0740740740741 0 0.0314465408805 1 0.543265259559
0.157407407407 1 0.125786163522 0 0.28351640497
0.509259259259 1 0.48427672956 1 0.0213021067794
0.712962962963 1 0.685534591195 1 0.248433536357
0.324074074074 1 0.251572327044 0 0.106586744714
0.657407407407 1 0.679245283019 0 0.201613586543
0.509259259259 1 0.528301886792 0 0.0518569641303
0.62037037037 1 0.647798742138 1 0.167645336632
0.231481481481 1 0.238993710692 0 0.214460552855
0.203703703704 0 0.213836477987 0 0.249536463089
0.712962962963 1 0.716981132075 0 0.260109412225
0.574074074074 0 0.59748427673 1 0.117989965734
0.351851851852 0 0.383647798742 1 0.13948046944
0.555555555556 0 0.540880503145 0 0.0507677648125
0.351851851852 0 0.37106918239 1 0.108248235199
0.611111111111 0 0.578616352201 0 0.100560883212
0.342592592593 1 0.301886792453 0 0.0449159527228
0.675925925926 1 0.584905660377 1 0.215653417818
0.62037037037 1 0.591194968553 0 0.115750977132
0.712962962963 1 0.578616352201 0 0.329340075861
0.842592592593 1 0.849056603774 1 0.557092079235
0.388888888889 0 0.308176100629 1 0.0447423766698
0.509259259259 1 0.433962264151 1 0.0469813652718
0.712962962963 1 0.679245283019 0 0.242928369879
0.481481481481 0 0.396226415094 1 0.0454098130184
0.814814814815 0 0.723270440252 1 0.474760728803
0.768518518519 1 0.767295597484 0 0.334163605217
0.638888888889 1 0.540880503145 0 0.165775568137
0.805555555556 1 0.861635220126 1 0.536392085246
0.944444444444 0 0.974842767296 1 0.86102649817
0.462962962963 0 0.496855345912 1 0.0523634583806
0.787037037037 1 0.679245283019 0 0.433152462816
0.648148148148 0 0.559748427673 1 0.169524572308
0.851851851852 0 0.842767295597 0 0.563226813332
0.675925925926 1 0.691823899371 0 0.219449284541
0.268518518519 1 0.251572327044 0 0.122694208593
0.398148148148 1 0.345911949686 1 0.0247476877591
0.324074074074 1 0.339622641509 0 0.109280158064
0.731481481481 1 0.666666666667 0 0.283017153114
0.12962962963 0 0.169811320755 1 0.498049997136
0.87037037037 0 0.893081761006 0 0.636946341431
0.481481481481 0 0.358490566038 1 0.113824405544
0.324074074074 1 0.22641509434 0 0.163763791909
0.037037037037 0 0.0125786163522 0 0.520842238402
0.37037037037 0 0.37106918239 1 0.065740586899
0.5 0 0.540880503145 0 0.0883576852929
0.481481481481 0 0.352201257862 0 0.122770892769
0.87037037037 0 0.861635220126 1 0.615088037695
0.12962962963 0 0.163522012579 0 0.459755244937
0.0925925925926 0 0.0943396226415 1 0.423884091394
0.481481481481 0 0.477987421384 0 0.0126102867562
0.75 1 0.616352201258 0 0.39457369515
0.138888888889 1 0.0754716981132 0 0.430468516649
0.611111111111 0 0.603773584906 0 0.111094070183
0.703703703704 0 0.748427672956 1 0.293322180993
0.833333333333 0 0.842767295597 0 0.528515389615
0.638888888889 1 0.635220125786 1 0.150790912073
0.601851851852 1 0.503144654088 0 0.12201351819
0.722222222222 0 0.685534591195 1 0.260078170524
0.574074074074 0 0.603773584906 0 0.125185024243
0.87962962963 1 0.937106918239 1 0.717314671624
0.787037037037 1 0.792452830189 0 0.378729892297
0.138888888889 1 0.150943396226 0 0.37294118371
0.222222222222 0 0.22641509434 0 0.213750514186
0.87037037037 0 0.88679245283 1 0.63354430949
0.490740740741 1 0.471698113208 1 0.0185466833857
0.166666666667 0 0.169811320755 1 0.292940653548
0.583333333333 1 0.477987421384 0 0.124295109112
0.324074074074 1 0.238993710692 0 0.13266409822
0.101851851852 1 0.0754716981132 0 0.388752071064
0.703703703704 0 0.723270440252 1 0.26158960617
0.657407407407 1 0.59748427673 1 0.168681993088
0.305555555556 1 0.213836477987 0 0.165704564271
0.0833333333333 1 0.0754716981132 0 0.433637182548
0.240740740741 0 0.245283018868 1 0.19301738506
0.518518518519 0 0.578616352201 0 0.159266880341
0.527777777778 1 0.477987421384 0 0.0291688618696
0.425925925926 0 0.427672955975 0 0.0386218433456
0.342592592593 1 0.358490566038 1 0.109360629113
0.851851851852 0 0.786163522013 1 0.541315020016
0.194444444444 1 0.157232704403 1 0.236201463532
0.898148148148 1 0.968553459119 0 0.789961094615
0.722222222222 0 0.59748427673 1 0.330007512209
0.435185185185 1 0.452830188679 0 0.0619915827283
0.296296296296 0 0.245283018868 1 0.102948033217
0.203703703704 0 0.169811320755 1 0.204004996779
0.25 1 0.232704402516 1 0.150826887366
0.296296296296 0 0.276729559748 0 0.0873020944721
0.611111111111 0 0.51572327044 0 0.112645741354
0.0462962962963 1 0.0754716981132 0 0.641051785014
0.731481481481 1 0.735849056604 1 0.286458473862
0.805555555556 1 0.792452830189 0 0.417058252992
0.166666666667 0 0.157232704403 1 0.282340249583
0.351851851852 0 0.40251572327 0 0.182603484586
0.675925925926 1 0.59748427673 1 0.204785092596
0.731481481481 1 0.635220125786 1 0.312701503057
0.648148148148 0 0.51572327044 0 0.2146498965
0.712962962963 1 0.660377358491 1 0.249006300883
0.5 0 0.477987421384 0 0.00839928409168
0.185185185185 0 0.132075471698 1 0.267534712607
0.592592592593 0 0.559748427673 1 0.0888319911236
0.157407407407 1 0.119496855346 1 0.294118087004
0.277777777778 0 0.25786163522 1 0.115164011832
0.462962962963 0 0.314465408805 0 0.165089197424
0.75 1 0.62893081761 0 0.373267801498
0.740740740741 0 0.792452830189 0 0.334712701787
0.925925925926 0 0.955974842767 0 0.797482770912
0.472222222222 1 0.421383647799 1 0.0173112161022
0.888888888889 0 0.924528301887 1 0.704546282924
0.712962962963 1 0.654088050314 0 0.247018192611
0.0277777777778 1 0.0314465408805 1 0.5330162774
0.685185185185 0 0.672955974843 1 0.205447795354
0.814814814815 0 0.779874213836 0 0.43295838558
0.240740740741 0 0.207547169811 1 0.146708189728
0.62962962963 0 0.566037735849 0 0.124740066677
0.740740740741 0 0.62893081761 0 0.338030949165
0.509259259259 1 0.421383647799 1 0.0639796910006
0.648148148148 0 0.603773584906 0 0.142330091297
0.731481481481 1 0.616352201258 0 0.331853612748
0.694444444444 1 0.553459119497 0 0.310755997105
0.342592592593 1 0.289308176101 0 0.059553783299
0.435185185185 1 0.415094339623 0 0.0218838651286
0.509259259259 1 0.553459119497 0 0.113535656485
0.712962962963 1 0.591194968553 0 0.308753688059
0.546296296296 1 0.465408805031 0 0.0649358764078
0.444444444444 0 0.377358490566 0 0.0113800264229
0.351851851852 0 0.238993710692 0 0.177112518881
0.314814814815 0 0.251572327044 0 0.0920371056741
0.546296296296 1 0.591194968553 0 0.14213128047
0.268518518519 1 0.232704402516 1 0.120222800667
0.138888888889 1 0.11320754717 0 0.309191545238
0.287037037037 1 0.220125786164 1 0.132219140654
0.777777777778 0 0.798742138365 1 0.375012129827
0.101851851852 1 0.0817610062893 1 0.394014610702
0.287037037037 1 0.264150943396 0 0.103934513607
0.305555555556 1 0.220125786164 1 0.15505398424
0.305555555556 1 0.276729559748 0 0.0839715397567
0.740740740741 0 0.74213836478 0 0.287337028375
0.342592592593 1 0.364779874214 0 0.122136591559
0.777777777778 0 0.691823899371 0 0.381769331158
0.305555555556 1 0.264150943396 0 0.0881569810292
0.537037037037 0 0.440251572327 0 0.0763154294716
0.37037037037 0 0.308176100629 1 0.0321273563225
0.305555555556 1 0.270440251572 1 0.0916735658757
0.333333333333 0 0.358490566038 1 0.130817997681
0.583333333333 1 0.584905660377 1 0.102070898781
